1.928899999999999862e-06 1.000000000000000000e-1
1.928899999999999862e-06 3.602762414356696467e-14
1.967499999999999797e-06 3.640419982612185034e-14
1.998999999999999834e-06 3.583054685237355446e-14
2.047000000000000052e-06 3.716864217211323613e-14
2.096199999999999937e-06 3.797799526963578203e-14
2.163700000000000138e-06 3.679321240662315243e-14
2.198199999999999977e-06 3.905587825445699018e-14
2.233400000000000080e-06 3.729692279413497192e-14
2.278000000000000043e-06 3.943394482694883777e-14
2.323600000000000081e-06 3.866006469090611922e-14
2.379400000000000038e-06 4.010387404166463285e-14
2.436699999999999896e-06 3.916081499353092929e-14
2.495300000000000063e-06 3.882288175454063204e-14
2.555400000000000131e-06 3.678196430263261052e-14
2.596100000000000013e-06 4.024173912690897946e-14
2.658599999999999838e-06 3.812691285876618486e-14
2.667590909090909123e-06 1.281090494414086408e-14
2.668031034482758634e-06 1.376234403332580323e-14
2.668310344827586103e-06 1.188578723059278787e-14
2.672965517241379220e-06 1.268398300821165402e-14
2.674362068965516986e-06 1.343022810326030933e-14
2.675293103448275779e-06 1.182128684361383711e-14
2.678551724137930707e-06 1.011332591661059102e-14
2.678810344827586256e-06 1.274249989180677142e-14
2.680214285714285754e-06 8.123603237595861900e-15
2.680413793103448292e-06 9.019002708009838365e-15
2.680413793103448292e-06 8.571395415380419143e-15
2.680646551724137991e-06 1.174773987300235440e-14
2.680746305418719048e-06 1.064241227195429767e-14
2.680746305418719048e-06 9.542627341138580200e-15
2.681344827586206662e-06 1.111455225399961818e-14
2.682741379310344851e-06 7.310953713327793486e-15
2.683206896551723824e-06 7.755564341003442267e-15
2.684137931034482617e-06 1.235387138800472254e-14
2.684417241379310085e-06 1.002722240096473668e-14
2.684869458128078872e-06 6.994867845159594843e-15
2.685999999999999779e-06 1.167469704228619217e-14
2.685999999999999779e-06 1.054463729036648722e-14
2.685999999999999779e-06 9.523962393426994602e-15
2.685999999999999779e-06 9.051294277002071805e-15
2.685999999999999779e-06 8.602084374611947039e-15
2.685999999999999779e-06 8.175168470210379889e-15
2.686775862068965581e-06 6.738278490197419331e-15
2.687163793103448270e-06 5.957458650150457688e-15
2.687263546798029327e-06 1.104982269783954315e-14
2.687396551724137968e-06 7.765402604185666627e-15
2.687396551724137968e-06 7.380010676899699791e-15
2.687396551724137968e-06 6.334845529970315161e-15
2.687862068965516941e-06 1.001437127562661039e-14
2.687862068965516941e-06 5.720669165539931981e-15
2.687862068965516941e-06 5.459867390019478343e-15
2.689956896551724225e-06 1.216266642522344716e-14
2.690655172413792896e-06 1.375122195548143064e-14
2.690655172413792896e-06 1.313359426309803004e-14
2.695310344827586014e-06 1.232878421473917100e-14
2.697358620689655104e-06 1.012408126507264619e-14
2.697637931034482572e-06 1.055869697860536406e-14
2.698103448275861969e-06 1.107679733688050254e-14
2.698568965517241365e-06 1.184147709359991213e-14
2.703689655172413879e-06 1.159831203096458929e-14
2.703689655172413879e-06 1.102269527872200499e-14
2.703689655172413879e-06 1.047564601497069270e-14
2.708943349753694610e-06 9.084067206267907559e-15
2.709275862068965365e-06 1.115660977122608204e-14
2.709275862068965365e-06 1.060291441750511788e-14
2.709275862068965365e-06 1.007669860739272092e-14
2.709275862068965365e-06 9.576598548847225446e-15
2.710539408866994914e-06 8.680591773989644887e-15
2.710672413793103131e-06 8.100758468360279041e-15
2.711417241379310420e-06 6.252147031860435537e-15
2.712068965517241320e-06 7.375178135547867455e-15
2.712068965517241320e-06 7.009152797183047326e-15
2.712348275862068789e-06 6.615553982820280347e-15
2.712720689655172221e-06 7.771628822389697765e-15
2.714862068965517276e-06 1.132417824065544684e-14
2.714862068965517276e-06 1.076216657177640839e-14
2.714862068965517276e-06 1.022804717986826884e-14
2.714862068965517276e-06 9.720435789198549472e-15
2.714862068965517276e-06 9.238016824747244193e-15
2.715327586206896248e-06 8.728527168237316709e-15
2.715327586206896248e-06 8.309423247542790817e-15
2.716724137931034438e-06 7.813024511107451921e-15
2.719982758620689366e-06 1.162089810929368028e-14
2.720448275862068762e-06 1.233636292034110919e-14
2.722310344827585924e-06 1.113463545821204267e-14
2.726034482758620672e-06 1.231108316835710633e-14
2.726034482758620672e-06 1.170009204386942348e-14
2.727697044334975297e-06 1.106560731917077708e-14
2.728175862068965303e-06 1.055927954560504602e-14
2.729426108374384241e-06 6.691525537124926326e-15
2.729758620689654997e-06 9.518189492452792046e-15
2.729758620689654997e-06 9.045807881383211337e-15
2.729758620689654997e-06 8.602950308245199269e-15
2.729970219435736387e-06 7.197992405253916577e-15
2.730091133004925752e-06 1.007692312958133563e-14
2.730224137931034393e-06 6.390789702404050368e-15
2.730689655172413790e-06 7.751115657722693866e-15
2.731022167487684545e-06 8.207777225173177780e-15
2.733762068965517213e-06 1.030780613554133732e-14
2.733948275862068718e-06 1.094703725318474842e-14
2.735344827586206907e-06 9.260043280663922586e-15
2.735344827586206907e-06 8.800473299738151227e-15
2.735544334975369445e-06 9.792227212252385511e-15
2.739068965517241231e-06 1.053216769374422548e-14
2.739534482758620628e-06 1.121822572134479253e-14
2.744655172413793142e-06 1.081221325210783874e-14
2.745120689655172538e-06 1.145966366352515577e-14
2.746051724137930907e-06 8.121736942790954257e-15
2.746517241379310304e-06 9.621997923243613952e-15
2.746517241379310304e-06 9.144464366647123719e-15
2.746517241379310304e-06 8.690630492745965335e-15
2.746982758620689700e-06 1.023429155047307497e-14
2.750241379310344628e-06 1.169591784951214291e-14
2.750241379310344628e-06 1.111545698339140604e-14
2.754431034482758349e-06 1.214975558631571078e-14
2.756106896551724007e-06 1.072171071538747221e-14
2.756293103448275935e-06 1.138903143307622161e-14
2.759551724137930863e-06 1.236966867863290083e-14
2.761413793103448025e-06 1.174784287448446666e-14
2.761413793103448025e-06 1.116480500283440187e-14
2.761413793103448025e-06 1.061070292504969715e-14
2.763076354679802649e-06 9.537323990419896661e-15
2.763275862068965611e-06 1.007730527550782262e-14
2.764672413793103376e-06 9.097268345809779043e-15
2.764672413793103376e-06 8.645776780010030792e-15
2.764672413793103376e-06 8.216692449683606192e-15
2.764672413793103376e-06 7.677521638251093662e-15
2.765137931034482773e-06 1.234467913734994901e-14
2.766999999999999935e-06 1.111079941010485610e-14
2.766999999999999935e-06 1.055937759508653060e-14
2.767199507389162473e-06 1.175173152077131770e-14
2.768396551724137701e-06 9.535160825533721951e-15
2.769094827586206796e-06 7.862857288949747499e-15
2.769194581280788276e-06 9.970815667334112971e-15
2.769327586206896494e-06 8.296196741750464981e-15
2.769513793103447998e-06 8.868181199269952077e-15
2.769793103448275890e-06 7.534395314674416962e-15
2.770724137931034260e-06 1.377576965593964168e-14
2.770724137931034260e-06 1.320363114003474078e-14
2.771003448275862152e-06 1.473338181331895483e-14
2.772120689655172449e-06 1.112168263351202061e-14
2.772120689655172449e-06 1.056972069112909580e-14
2.772586206896551845e-06 1.170877881908653884e-14
2.772741379310344836e-06 9.915909351978000833e-15
2.776310344827586170e-06 1.507150223362244460e-14
2.782362068965517053e-06 1.508664239302306853e-14
2.785155172413793008e-06 1.145713211944931481e-14
2.786551724137930774e-06 1.060456929241240094e-14
2.786551724137930774e-06 1.007827135192474343e-14
2.786551724137930774e-06 9.403639721997669495e-15
2.787482758620689567e-06 1.379009904937682982e-14
2.787482758620689567e-06 1.235005563294551842e-14
2.788746305418719115e-06 1.325950003752341240e-14
2.790275862068965522e-06 1.172538130574964524e-14
2.790275862068965522e-06 1.114345818728184186e-14
2.791206896551723891e-06 9.881697812927909333e-15
2.792337438423645222e-06 1.053141717504883835e-14
2.793327586206896603e-06 1.339014975834543535e-14
2.793401477832512232e-06 1.234631293133677875e-14
2.794465517241379242e-06 1.164177040609636418e-14
2.794465517241379242e-06 1.111102928049509576e-14
2.801448275862068918e-06 1.430570397272375349e-14
2.804960815047021853e-06 1.213392324990170948e-14
2.805384012539185056e-06 1.323687798745626536e-14
2.807034482758620405e-06 1.430080631383893601e-14
2.809362068965516964e-06 1.226534016349106036e-14
2.810106896551724252e-06 1.281515488863372831e-14
2.811224137931034549e-06 1.344190285320607789e-14
2.812620689655172315e-06 1.426029978649757300e-14
2.815134482758620378e-06 1.280312553130189685e-14
2.815879310344827243e-06 1.223695251841296304e-14
2.815879310344827243e-06 1.162964045031289231e-14
2.815879310344827243e-06 1.105246888880582050e-14
2.815879310344827243e-06 1.054859365556410322e-14
2.816810344827586036e-06 1.341524530753239149e-14
2.818206896551724225e-06 1.420790516938299900e-14
2.821931034482758550e-06 1.337198087424171046e-14
2.825189655172413478e-06 1.245807522516026178e-14
2.826785714285714205e-06 1.174025046319079064e-14
2.827517241379310460e-06 1.330317162691893263e-14
2.828913793103448226e-06 1.131390343149899711e-14
2.830775862068965388e-06 1.250990750801454068e-14
2.832903940886699409e-06 1.177182585371370410e-14
2.834127586206896703e-06 1.110308814934435785e-14
2.836268965517241334e-06 1.269694643588246281e-14
2.837293103448275667e-06 9.768195253874746435e-15
2.837293103448275667e-06 9.375747999593738721e-15
2.837642241379310215e-06 1.156495131447536418e-14
2.837758620689655064e-06 1.048207423885080200e-14
2.841575862068965352e-06 1.289557364307936504e-14
2.841948275862068785e-06 1.226263512739522399e-14
2.842879310344827578e-06 1.127744343509344281e-14
2.843810344827585947e-06 9.275236686824696239e-15
2.844431034482758758e-06 9.579749003764622222e-15
2.844741379310344740e-06 1.075626646090152266e-14
2.844741379310344740e-06 1.023690441963633625e-14
2.845465517241379262e-06 1.165611288037652200e-14
2.847068965517241298e-06 1.317450487681003475e-14
2.847068965517241298e-06 1.252066268931348011e-14
2.850637931034482632e-06 1.177842075441197131e-14
2.852655172413792785e-06 1.314870592616462037e-14
2.853120689655172182e-06 1.238855525180162692e-14
2.855913793103448137e-06 1.253494572839839530e-14
2.858520689655172164e-06 1.295579904848443864e-14
2.863827586206896605e-06 1.333096102970254323e-14
2.866288177339901382e-06 1.244424718512960189e-14
2.869413793103448092e-06 1.387172891189727959e-14
2.869480295566502413e-06 1.312717551578465911e-14
2.873137931034482840e-06 1.261937432580037256e-14
2.875000000000000002e-06 1.384477574747476088e-14
2.875000000000000002e-06 1.316697406645689387e-14
2.880586206896551489e-06 1.368667131315252105e-14
2.880586206896551489e-06 1.314608612327509696e-14
2.885839901477832644e-06 1.367625037198751104e-14
2.887452586206896316e-06 1.309397914991197178e-14
2.887568965517241165e-06 1.273511182535643737e-14
2.892948275862068805e-06 1.340679343522182655e-14
2.898275862068965589e-06 1.324254380719611709e-14
2.903862068965517075e-06 1.334382120898624090e-14
2.903862068965517075e-06 1.274449167103215057e-14
2.909215517241379287e-06 1.245627312103126385e-14
2.909448275862068986e-06 1.322437459602687594e-14
2.911568965517241274e-06 1.177358144993757156e-14
2.914103448275862103e-06 1.257462250126619861e-14
2.915499999999999869e-06 1.306463847563868733e-14
2.920620689655172382e-06 1.299800913114744880e-14
2.926206896551723869e-06 1.310687227034430180e-14
2.931443965517241232e-06 1.320892759672552860e-14
2.933003448275862040e-06 1.269122864139252447e-14
2.934586206896551734e-06 1.213009907573773305e-14
2.937379310344827689e-06 1.332277665664557620e-14
2.938682758620689491e-06 1.249592300002097658e-14
2.942965517241379176e-06 1.316652065300247629e-14
2.943896551724137969e-06 1.250690658473533969e-14
2.944943965517241187e-06 1.185050949900390637e-14
2.946037931034482599e-06 1.115361860349459094e-14
2.947853448275861991e-06 1.091050563875509216e-14
2.949482758620689455e-06 1.304487498877853250e-14
2.949948275862068852e-06 1.227125706771573835e-14
2.952182758620689447e-06 1.107388950313154179e-14
2.952741379310344807e-06 1.165876404242217789e-14
2.953672413793103176e-06 1.287984962975463241e-14
2.956279310344827627e-06 1.236896419912888828e-14
2.958073667711598711e-06 1.156814536124671823e-14
2.961586206896551645e-06 1.234680012593598204e-14
2.963115763546798052e-06 1.168541444751472279e-14
2.966241379310344762e-06 1.134876109511657632e-14
2.967327586206896546e-06 1.232291073026510259e-14
2.970896551724137880e-06 1.095290754610012449e-14
2.971827586206896249e-06 1.294679208388164482e-14
2.971827586206896249e-06 1.171842714377888228e-14
2.973091133004925797e-06 1.223954145104479009e-14
2.977480295566502480e-06 1.210357368350724294e-14
2.977879310344827556e-06 1.288627174303222979e-14
2.982844827586206655e-06 1.294770144625507521e-14
2.986351724137930961e-06 1.168619428023690351e-14
2.986724137931034394e-06 1.245238903233903467e-14
2.988586206896551556e-06 1.309450214863096315e-14
2.989982758620689322e-06 1.187173981988362718e-14
2.992521943573667694e-06 1.220974231812231211e-14
2.994172413793103466e-06 1.307007182595728139e-14
2.997741379310344800e-06 1.228443109272200372e-14
2.999758620689654953e-06 1.304573249249591353e-14
3.003017241379310304e-06 1.215710387444566307e-14
3.005344827586206863e-06 1.274821047473162996e-14
3.008349529780564208e-06 1.156500825350329743e-14
3.011263546798029529e-06 1.239590090652956182e-14
3.011280172413792897e-06 9.449409395202803477e-15
3.011396551724137746e-06 1.092080430841463205e-14
3.012327586206896539e-06 1.012022517189498515e-14
3.013258620689654908e-06 7.973697336794089656e-15
3.014189655172413701e-06 8.119114351476917528e-15
3.014306034482758550e-06 1.175099351687969523e-14
3.014375862068965629e-06 8.669125286838029915e-15
3.015027586206896530e-06 1.303484099452984603e-14
3.015120689655172494e-06 9.809833815258641064e-15
3.015120689655172494e-06 9.322978084381302144e-15
3.016051724137930863e-06 1.017764371796832697e-14
3.016583743842364157e-06 1.088222377391465801e-14
3.019310344827586215e-06 1.211075006414044908e-14
3.019310344827586215e-06 1.152598732165654228e-14
3.020241379310344584e-06 1.340451536527839097e-14
3.020573891625615763e-06 1.266089872774125509e-14
3.025827586206896494e-06 1.337976828566295278e-14
3.025827586206896494e-06 1.271573900745503414e-14
3.026199999999999927e-06 1.192532429262538145e-14
3.031347290640394084e-06 1.261590193232266230e-14
3.031413793103447981e-06 1.335511241253811791e-14
3.031506896551723945e-06 1.209276421938933146e-14
3.036068965517241098e-06 1.169153197092655394e-14
3.036534482758620495e-06 1.202503907214713623e-14
3.036999999999999891e-06 1.316198015371770671e-14
3.036999999999999891e-06 1.250875956015745135e-14
3.042543887147335185e-06 1.212066485514780012e-14
3.042586206896551801e-06 1.297168472552156735e-14
3.046310344827586126e-06 1.171831695882344672e-14
3.048172413793103288e-06 1.287488671959619024e-14
3.048770935960590902e-06 1.211791868394219880e-14
3.051431034482758639e-06 1.174423019826856657e-14
3.053758620689655198e-06 1.281504315450374131e-14
3.054107758620689322e-06 1.204918891382365679e-14
3.058181034482758617e-06 1.166251978309809508e-14
3.059344827586206685e-06 1.261204521254812049e-14
3.059810344827586081e-06 1.201823300632150206e-14
3.061051724137930856e-06 1.086587161508641153e-14
3.063534482758620406e-06 1.146178642250260233e-14
3.064931034482758595e-06 1.230744532412953153e-14
3.067165517241379190e-06 1.074956054447242815e-14
3.068655172413792919e-06 1.161655127982793323e-14
3.070517241379310082e-06 1.222440672273996081e-14
3.070517241379310082e-06 1.053033136820883513e-14
3.070982758620689478e-06 1.104727133294111159e-14
3.075172413793103199e-06 1.150213277467352843e-14
3.076568965517241388e-06 1.220467438950302904e-14
3.077633004926108398e-06 9.864298189721657630e-15
3.078275862068965559e-06 8.895928677672962504e-15
3.078431034482758550e-06 1.054790958434977028e-14
3.078431034482758550e-06 8.040118844215195014e-15
3.078431034482758550e-06 7.717098830538327480e-15
3.079051724137930938e-06 9.444530443598801176e-15
3.079362068965517343e-06 8.565739737639076845e-15
3.080293103448275713e-06 1.119839624311364246e-14
3.081689655172413478e-06 1.259161338809901846e-14
3.081689655172413478e-06 1.196669972957684498e-14
3.082620689655172271e-06 1.032345468484414721e-14
3.082620689655172271e-06 9.759223357577727091e-15
3.082775862068965262e-06 9.157135977435146827e-15
3.083551724137931064e-06 1.080184852143998242e-14
3.085413793103448226e-06 1.156980313480939050e-14
3.086500000000000010e-06 1.193116714982645286e-14
3.087648275862068821e-06 1.265289945146150393e-14
3.089137931034482551e-06 1.360594367673875405e-14
3.090534482758620317e-06 1.298896895606434091e-14
3.139700000000000195e-06 3.928635488137485419e-14
3.142896551724137673e-06 1.250255316492875069e-14
3.145465517241378931e-06 1.229060849468997986e-14
3.148724137931034283e-06 1.113067991531710992e-14
3.148724137931034283e-06 1.057827144363592889e-14
3.148724137931034283e-06 9.912127744083843780e-15
3.148724137931034283e-06 9.594955881389363096e-15
3.149189655172413679e-06 1.193869742000244723e-14
3.152827586206896295e-06 1.209283529965179320e-14
3.158732758620689612e-06 1.042798823874663293e-14
3.158965517241379310e-06 1.104763133592940493e-14
3.159431034482758283e-06 1.180502954123265447e-14
3.159431034482758283e-06 1.228178247808718438e-14
3.161293103448275869e-06 1.004166515822157838e-14
3.162224137931034238e-06 1.053311124680607284e-14
3.162844827586206626e-06 1.095634648820260062e-14
3.164924137931034229e-06 1.156826334497734642e-14
3.165815270935960345e-06 1.234647133652460720e-14
3.169672413793103311e-06 1.147117973342826605e-14
3.171002463054187179e-06 1.247657584765800179e-14
3.171162068965517040e-06 1.194910147119183450e-14
3.176056650246305373e-06 1.129879230236502345e-14
3.176655172413792986e-06 1.253007585451741851e-14
3.176655172413792986e-06 1.190821626413263318e-14
3.180068965517241329e-06 1.058567129495156361e-14
3.181310344827586104e-06 1.025019289328343363e-14
3.181682758620689536e-06 1.146348250654258851e-14
3.182241379310344473e-06 1.241996125762254021e-14
3.182241379310344473e-06 1.183699380062444020e-14
3.187108150470219404e-06 1.146428677262499358e-14
3.187362068965516987e-06 1.070427680017433298e-14
3.187827586206896383e-06 1.238067867812255295e-14
3.192327586206896510e-06 1.176627303803884489e-14
3.193568965517241284e-06 1.225401703552610556e-14
3.198534482758620807e-06 1.211234969174151748e-14
3.201234482758620375e-06 1.165252061638856968e-14
3.206293103448275861e-06 1.193798214259513740e-14
3.206913793103448249e-06 1.092871301882625573e-14
3.206913793103448249e-06 1.040102446420641493e-14
3.208217241379310051e-06 1.161237155319850075e-14
3.212313793103448231e-06 1.202846114825532013e-14
3.216131034482758519e-06 1.162317444558749063e-14
3.218365517241379114e-06 1.084372991521175631e-14
3.218644827586207006e-06 1.045436508211058829e-14
3.223982758620689538e-06 1.065275014266318275e-14
3.225348275862068790e-06 9.077543456562450008e-15
3.226465517241379087e-06 1.016047143258298595e-14
3.227086206896551475e-06 9.691970001290530283e-15
3.230096551724137871e-06 1.098923725897164641e-14
3.230189655172413835e-06 9.967432591304203875e-15
3.235775862068965322e-06 1.108690293666565596e-14
3.238103448275861881e-06 1.230969063541854725e-14
3.238302955665024419e-06 1.166030139635803777e-14
3.238568965517241277e-06 1.103045120131551291e-14
3.243224137931034394e-06 1.199834881294646808e-14
3.243844827586206782e-06 1.244527602104044293e-14
3.247413793103448115e-06 1.205083521868539414e-14
3.248133228840125095e-06 1.124456166684676394e-14
3.248344827586206908e-06 1.049589709232668031e-14
3.249275862068965277e-06 1.235440084445069524e-14
3.252534482758620629e-06 1.271399701797284683e-14
3.255073667711598577e-06 1.351783116560215684e-14
3.260448275862068674e-06 1.279119729645480758e-14
3.260820689655172107e-06 1.367167568215757847e-14
3.261379310344827467e-06 1.217871138066021031e-14
3.262682758620689269e-06 1.136536453401861180e-14
3.266246081504701974e-06 1.336809103987903495e-14
3.267120689655172368e-06 1.223491187619995872e-14
3.268827586206896539e-06 1.427631409293998944e-14
3.269293103448275512e-06 1.314105995225411620e-14
3.272086206896551467e-06 1.402214248695419922e-14
3.274413793103448026e-06 1.515608934586491483e-14
3.279534482758620540e-06 1.513242451467187552e-14
3.279999999999999936e-06 1.593165534248344760e-14
3.284189655172413657e-06 1.654222025808863024e-14
3.285469827586206997e-06 1.570123291254149449e-14
3.289682758620689603e-06 1.676635652910092772e-14
3.293499999999999892e-06 1.626385637518475658e-14
3.300017241379310171e-06 1.694407087966029192e-14
3.302133228840125340e-06 1.598536194587396118e-14
3.306999999999999847e-06 1.539359358753765852e-14
3.307310344827585829e-06 1.313777952710128046e-14
3.308413793103448039e-06 1.381055580513519034e-14
3.358399999999999897e-06 3.872144630275068184e-14
3.635399999999999956e-06 3.714642274939701379e-14
3.635399999999999956e-06 1.000000000000000000e-01
6.616636041526281978e-06 1.000000000000000000e-01
6.616636041526281978e-06 1.607720423523577909e-13
6.619409359685748831e-06 1.607756232733352895e-13
6.622089382922702962e-06 1.612078064890215197e-13
6.624768200444674858e-06 1.608442058648807102e-13
6.627445523447077889e-06 1.595915687951383195e-13
6.630126507675396087e-06 1.592316135591890132e-13
6.632812016784324359e-06 1.600546957511276850e-13
6.635496032342361656e-06 1.599899546539377999e-13
6.638183142502167159e-06 1.606183687249417322e-13
6.640869905613388875e-06 1.607519073506987686e-13
6.643555746053603203e-06 1.601912750016440880e-13
6.646251291053168070e-06 1.626188972193638992e-13
6.648946780165666790e-06 1.646758477412034908e-13
6.651634449678530040e-06 1.635953893198597675e-13
6.654330396257905979e-06 1.650517258255153710e-13
6.657032902629642881e-06 1.684872540649523322e-13
6.659733340108887122e-06 1.708293849593288243e-13
6.662428249575929283e-06 1.707602855695072272e-13
6.665122521003157523e-06 1.700596502381384364e-13
6.667821916913484603e-06 1.708331273516060984e-13
6.670509719765291005e-06 1.670079212307215964e-13
6.673199182954917532e-06 1.634702316289207064e-13
6.675909929576563279e-06 1.670791623543041582e-13
6.678618313231756406e-06 1.695064109829670899e-13
6.681316821546059924e-06 1.679786253568063273e-13
6.684025087474808478e-06 1.695787178956199056e-13
6.686728092616095889e-06 1.688829305771012532e-13
6.689425540557874283e-06 1.658169550895994461e-13
6.692123498139986762e-06 1.626055956246173561e-13
6.694824280110671450e-06 1.600486160994745083e-13
6.697532810394891044e-06 1.597863181535691177e-13
6.700251704010505082e-06 1.627096515329070342e-13
6.702970252731555366e-06 1.651754385434332367e-13
6.705685266939768378e-06 1.660292448886174888e-13
6.708398191261892330e-06 1.657571455043435864e-13
6.711116564358853503e-06 1.670262154059265943e-13
6.713832846816426180e-06 1.671650815359211548e-13
6.716552841510423453e-06 1.682369232678900982e-13
6.719273066864831339e-06 1.690021101279459668e-13
6.721991488413775396e-06 1.687251386212837091e-13
6.724716532451419863e-06 1.704376087879746348e-13
6.727442681201115571e-06 1.721674596135037870e-13
6.730162662515071242e-06 1.712493184726639080e-13
6.732885198654882925e-06 1.708630694414502355e-13
6.735601557662662646e-06 1.678648232795259576e-13
6.738315517502302178e-06 1.637010327286261777e-13
6.741036689715898612e-06 1.617252167764513396e-13
6.743759252327283066e-06 1.598719893155960290e-13
6.746489038318017627e-06 1.601037916290076962e-13
6.749224305202977973e-06 1.618287093054773883e-13
6.751961264754265042e-06 1.637744509816789193e-13
6.754675685141277991e-06 1.576533751208743360e-13
6.757406092904864501e-06 1.566189920031368874e-13
6.760144032754784638e-06 1.577206258446566364e-13
6.762882789634689634e-06 1.587319109002394500e-13
6.765613882989276280e-06 1.568160705634489078e-13
6.768347249473318452e-06 1.553066841052977977e-13
6.771092549146550497e-06 1.573683379019453203e-13
6.773836327213661953e-06 1.585731814125266960e-13
6.776569793630269230e-06 1.559832129702653749e-13
6.779308758508604582e-06 1.548640808305082485e-13
6.782048244133420098e-06 1.535631131671142810e-13
6.784792062684827022e-06 1.533114440797315955e-13
6.787538751606929056e-06 1.536286190942711503e-13
6.790282736940892746e-06 1.527149635933114087e-13
6.793028418822493105e-06 1.519944351412577322e-13
6.795775210933105766e-06 1.512773062332830884e-13
6.798524583014184547e-06 1.510293832730341296e-13
6.801278007185730558e-06 1.517163056044592906e-13
6.804030193730372091e-06 1.516549373325677315e-13
6.806783493967302242e-06 1.515935938837479387e-13
6.809529961318329733e-06 1.490255238332803391e-13
6.812282248090267414e-06 1.479563109981927352e-13
6.815035352713678931e-06 1.468040434430010360e-13
6.817794285033797983e-06 1.471077557646290397e-13
6.820552270578217136e-06 1.467759574914745523e-13
6.822166844803794551e-06 1.481990627529287271e-13
6.822166844803794551e-06 1.000000000000000000e-01
1.016238244514106746e-05 1.000000000000000000e-01
1.016238244514106746e-05 3.640827999767255492e-13
1.016457680250783731e-05 3.395262710319820259e-13
1.016896551724138038e-05 3.640230776293283330e-13
1.017554858934169330e-05 3.514844826748428336e-13
1.019310344827586221e-05 3.276522379201620114e-13
1.020188087774294666e-05 3.392107912491011862e-13
1.021504702194357419e-05 3.274731173445605141e-13
1.023699059561128617e-05 3.389141368839257674e-13
1.024137931034482755e-05 3.272583019054349153e-13
1.026112852664576800e-05 3.270972828062118181e-13
1.027429467084639553e-05 3.506206382910322431e-13
1.028965517241379459e-05 3.504864534445878498e-13
1.030062695924764889e-05 3.503906385677212903e-13
1.030501567398119197e-05 3.503523199515748485e-13
1.031818181818181950e-05 3.502373892443769807e-13
1.033573667711598840e-05 3.500842069472386500e-13
1.034012539184952978e-05 3.886687000480461029e-13
1.034670846394984440e-05 4.166883445674390944e-13
1.035109717868338578e-05 3.885624470295033042e-13
1.037523510971786930e-05 3.883287926233687296e-13
1.039059561128526667e-05 3.881801766158736158e-13
1.041253918495297865e-05 3.746660602435058220e-13
1.042789968652037602e-05 3.745226730544150403e-13
1.045642633228840093e-05 3.614247333649217927e-13
1.047178683385579999e-05 3.741132976733806445e-13
1.048056426332288445e-05 3.740314763094067813e-13
1.048714733542319736e-05 4.299747638739626558e-13
1.048934169278996890e-05 4.452159691568913285e-10
1.049811912225705336e-05 4.451185971092097558e-10
1.049811912225705336e-05 4.451185971092107817e-13
1.051128526645768088e-05 3.870144567481306806e-13
1.052225705329153688e-05 3.869086559613830286e-13
1.053103448275862133e-05 3.868240361572730828e-13
1.053542319749216271e-05 4.147333745779722600e-13
1.054420062695924886e-05 4.446077431380159177e-13
1.055736677115987469e-05 4.444618925772104019e-13
1.056833855799373069e-05 4.933672693062763220e-13
1.058150470219435821e-05 5.288480093506460087e-13
1.058369905956112806e-05 6.080134494408802539e-13
1.058589341692789959e-05 6.990294908265147176e-13
1.059028213166144267e-05 4.598644308922998768e-10
1.059686520376175559e-05 4.597889969984190823e-10
1.059905956112852712e-05 5.473843813912980803e-13
1.060783699059561158e-05 4.928818911861026981e-13
1.061661442006269603e-05 4.595627695514816655e-13
1.062319749216300895e-05 4.285194732327793866e-13
1.063197492163009510e-05 4.756966730088849664e-13
1.063416927899686494e-05 7.229771099063318354e-13
1.063855799373040802e-05 4.925047050306147719e-13
1.064294670846394940e-05 4.435150294597738764e-13
1.064952978056426401e-05 4.135557520910806071e-13
1.065611285266457693e-05 3.596307011826503268e-13
1.066050156739812000e-05 4.134426955290523343e-13
1.066489028213166138e-05 4.133974815586867455e-13
1.066489028213166138e-05 3.992236963558205760e-13
1.066489028213166138e-05 3.992236963558205760e-13
1.066927899686520445e-05 3.854937128059744102e-13
1.068025078369906045e-05 3.990709107963232872e-13
1.069561128526645782e-05 3.852408370833254986e-13
1.070438871473354227e-05 3.851565820436232948e-13
1.071097178683385519e-05 3.850934028569199961e-13
1.071974921630094134e-05 4.128327239537470613e-13
1.073072100313479564e-05 3.849039274716243537e-13
1.073949843260188009e-05 4.272793400612695422e-13
1.074169278996865163e-05 3.465604946523877303e-13
1.074608150470219470e-05 3.231681317740643129e-13
1.075266457680250762e-05 3.231151208671090515e-13
1.075924764890282223e-05 3.230621186558017785e-13
1.077241379310344807e-05 3.344221705239232989e-13
1.077899686520376098e-05 3.585311104419710757e-13
1.078557993730407559e-05 3.584722987663525595e-13
1.078996865203761697e-05 3.584330963422473582e-13
1.079874608150470143e-05 3.227442879166998543e-13
1.080313479623824450e-05 3.710369218314175100e-13
1.080752351097178758e-05 3.459924333491328305e-13
1.081849529780564188e-05 3.581783850642731566e-13
1.082946708463949787e-05 3.580804673914963423e-13
1.084043887147335386e-05 3.974810559448988361e-13
1.085141065830720985e-05 3.973723938324042038e-13
1.086018808777429431e-05 3.705097734742473613e-13
1.087774294670846321e-05 3.703477247040247718e-13
1.088652037617554767e-05 4.111205942849058130e-13
1.088871473354231921e-05 3.702464802157101045e-13
1.089749216300940366e-05 3.701655045535078045e-13
1.091285266457680273e-05 3.700238397569639335e-13
1.092382445141065872e-05 3.699226838112903345e-13
1.092821316614420010e-05 3.698822291764781875e-13
1.094357366771159916e-05 3.697406727913020856e-13
1.095235109717868362e-05 3.696598077529499148e-13
1.096551724137930945e-05 3.568685098610353749e-13
1.097648902821316545e-05 3.567709502777939943e-13
1.099184952978056451e-05 3.566344116661130738e-13
1.100501567398119035e-05 3.822819437145893330e-13
1.101598746081504634e-05 3.564199565577977580e-13
1.102915360501567387e-05 3.563030354034800847e-13
1.104670846394984278e-05 3.687916247650284678e-13
1.105329153605015739e-05 3.818223264497568202e-13
1.105548589341692723e-05 5.803042521367415058e-13
1.105987460815047031e-05 3.817596941979016469e-13
1.107084639498432630e-05 3.685698591550716717e-13
1.108401253918495213e-05 3.684489523074437042e-13
1.109059561128526674e-05 3.814675461722799155e-13
1.110156739811912104e-05 3.813632617823818606e-13
1.112570532915360456e-05 3.811339364650886213e-13
1.114106583072100193e-05 3.945144331952072338e-13
1.115862068965517254e-05 3.808214423431158887e-13
1.116739811912225699e-05 4.082530425506048153e-13
1.117617554858934145e-05 4.081637545702103392e-13
1.118495297805642590e-05 4.080744861177620239e-13
1.119811912225705343e-05 4.079406200446463374e-13
1.121128526645767926e-05 4.222853120874737408e-13
1.122664576802507833e-05 4.221237006945036372e-13
1.123322884012539125e-05 3.670814435514018941e-13
1.125078369905956016e-05 3.543406096918843715e-13
1.126833855799373076e-05 3.420419906331625143e-13
1.127931034482758506e-05 3.419484842768011865e-13
1.128808777429466951e-05 3.540113647758085817e-13
1.130125391849529704e-05 3.538952337437224158e-13
1.131880877742946595e-05 3.537404516258903616e-13
1.132978056426332194e-05 3.536437471813046049e-13
1.133416927899686502e-05 4.065599060670146321e-10
1.133855799373040640e-05 3.414439914948917266e-13
1.134294670846394947e-05 3.535277367436822356e-13
1.134733542319749085e-05 3.413693151514457103e-13
1.135391849529780546e-05 3.296110178466453411e-13
1.135830721003134684e-05 3.412759926889775341e-13
1.136489028213166145e-05 3.658790337801844381e-13
1.136708463949843130e-05 4.510481085594732515e-10
1.136708463949843130e-05 1.000000000000000000e-01
1.298642908054169569e-05 1.000000000000000000e-01
1.298642908054169569e-05 4.148476454293629307e-04
1.298642908054169569e-05 5.038945123400740054e-13
1.299209143671723737e-05 4.994873963423547928e-13
1.299632522146420909e-05 5.000645186753891318e-13
1.300055900621117912e-05 4.980183576764481193e-13
1.300479279095815084e-05 4.971614184546694452e-13
1.300902657570512256e-05 5.005891753417846464e-13
1.301326036045209259e-05 4.997322361200055684e-13
1.301749414519906431e-05 5.018133742300400394e-13
1.302159963343855112e-05 5.023030537853418936e-13
1.302739028612157602e-05 5.548555154783140353e-13
1.303019549943997609e-05 5.069550095607126897e-13
1.303365085021891783e-05 5.770421771551051633e-13
1.303866306893391784e-05 5.068325896718868475e-13
1.304289685368088787e-05 5.085464681154447006e-13
1.304713063842785789e-05 5.030375731182953313e-13
1.305136442317482961e-05 5.031110250515903924e-13
1.305559820792179964e-05 5.349852777560852480e-13
1.305983199266877136e-05 5.014461145635630176e-13
1.306406577741574139e-05 5.043667033398295849e-13
1.306845993279706756e-05 5.051085095709271018e-13
1.307232609870528599e-05 4.990918859323027320e-13
1.307670298340291071e-05 5.034252360995760375e-13
1.308100091640362489e-05 5.018133742300402413e-13
1.308523470115059661e-05 5.049962913395038591e-13
1.308946848589756664e-05 5.003443355641334669e-13
1.309370227064453836e-05 5.006707886010016053e-13
1.309793605539150839e-05 5.010788548970865007e-13
1.310224681804296903e-05 5.006871112528448961e-13
1.310640362488545014e-05 4.916525234575197731e-13
1.311054858897339306e-05 4.958807180792635703e-13
1.311487119437939189e-05 4.971614184546693442e-13
1.311895102331738239e-05 4.905874704247377024e-13
1.312372365339578499e-05 4.941009212340308619e-13
1.312795743814275502e-05 4.903059046804390428e-13
1.313209500050911306e-05 4.935500317343159350e-13
1.313642500763669677e-05 4.907955842357413009e-13
1.314065879238366680e-05 4.910404240133925815e-13
1.314489257713063852e-05 4.879799267927535942e-13
1.314928673251196300e-05 4.869291560803344156e-13
1.315336014662458027e-05 4.893265455698345265e-13
1.315759393137155030e-05 4.862660483491961451e-13
1.316182771611852033e-05 4.879799267927535942e-13
1.316606150086549205e-05 4.850418494609409541e-13
1.317199877812850068e-05 5.924516996954861972e-13
1.317359484777517576e-05 5.367985818765466864e-13
1.317876285510640552e-05 4.847970096832898755e-13
1.318299663985337555e-05 4.846745897944642352e-13
1.318723042460034727e-05 4.857763687938939879e-13
1.319152835760105975e-05 4.840114820633258637e-13
1.319569799409428732e-05 4.759827776878507434e-13
1.319993177884125904e-05 4.794105345749658436e-13
1.320392870849749069e-05 4.793069485151904649e-13
1.320839934833520079e-05 4.821037721291277081e-13
1.321272195374119793e-05 4.788926042760885464e-13
1.321686691782914085e-05 4.757379379101998667e-13
1.322110070257611257e-05 4.735343799113400584e-13
1.322533448732308260e-05 4.756155180213742264e-13
1.322964524997454493e-05 4.761786495099716466e-13
1.323395601262600557e-05 4.808244842909008426e-13
1.323782859335959723e-05 4.754742643034984255e-13
1.324226962631096779e-05 4.710859821348290706e-13
1.324650341105793782e-05 4.731671202448631376e-13
1.325083341818552153e-05 4.712186036810569065e-13
1.325492821504938403e-05 4.668420926555437757e-13
1.325920476529884959e-05 4.702290429130503965e-13
1.326332308318908455e-05 4.755053401214309785e-13
1.326767233479279134e-05 4.732895401336889799e-13
1.327194460849200752e-05 4.748320307328906134e-13
1.327613990428673309e-05 4.792881146861406072e-13
1.328037368903370312e-05 4.704738826907013741e-13
1.328460747378067315e-05 4.641080484717735328e-13
1.328884125852764487e-05 4.642304683605987691e-13
1.329315607264776416e-05 7.311644961837066812e-13
1.329721260564097293e-05 4.662810014984268552e-13
1.330154261276855665e-05 4.582318938081472427e-13
1.330577639751552837e-05 4.601906120293560734e-13
1.331001018226250009e-05 4.601906120293560734e-13
1.331424396700947012e-05 4.572525346975431303e-13
1.331847775175644184e-05 4.523557391445217605e-13
1.332271153650341187e-05 4.523557391445216595e-13
1.332694532125038189e-05 4.550489766986835240e-13
1.332983199266877217e-05 4.582012888359410599e-13
1.333066591996741734e-05 5.018541808596483169e-13
1.333137155075857760e-05 5.861300726586309353e-13
1.333733733835658213e-05 4.841237002947493084e-13
1.333926178596884231e-05 4.529678385886491035e-13
1.334253334690968394e-05 4.387875347996906336e-13
1.334426534976071845e-05 5.090361476707468578e-13
1.334426534976071845e-05 4.847970096832898755e-13
1.334434232766520736e-05 5.472801209398456969e-13
1.334445779452194243e-05 5.898332742956035999e-13
1.334445779452194243e-05 6.194588873913844121e-13
1.335106506465736646e-05 4.934752195800334366e-13
1.335211709601873531e-05 4.584032816525032603e-13
1.335427247734446563e-05 4.511315402562661656e-13
1.335812137256898599e-05 4.535799380327770020e-13
1.336235515731595602e-05 4.538247778104280301e-13
1.336658894206292605e-05 4.516212198115680703e-13
1.337082272680989777e-05 4.505194408121383177e-13
1.337505651155686780e-05 4.494176618127085650e-13
1.337929029630383952e-05 4.492952419238831267e-13
1.338352408105080955e-05 4.479486231468022449e-13
1.338775786579777957e-05 4.461123248144187516e-13
1.339160676102229994e-05 4.544368772545555751e-13
1.339584054576926996e-05 4.522333192556957668e-13
1.340009838611139384e-05 4.578646341416707258e-13
1.340430811526321171e-05 4.522333192556957668e-13
1.340854190001018344e-05 4.501113745160532203e-13
1.341280529164349470e-05 4.503028517780627325e-13
1.341700946950412349e-05 4.529678385886491540e-13
1.342124325425109521e-05 4.524291910778167710e-13
1.342547703899806524e-05 4.499073413680104192e-13
1.342971082374503527e-05 4.556610761428109175e-13
1.343394460849200699e-05 4.510091203674404748e-13
1.343817839323897702e-05 4.567628551422408722e-13
1.344226414355423577e-05 4.661515189237073795e-13
1.344664596273291877e-05 4.644753081382501506e-13
1.345087974747989049e-05 4.679030650253649480e-13
1.345511353222686221e-05 4.644753081382502516e-13
1.345934731697383224e-05 4.550489766986836250e-13
1.346358110172080396e-05 4.562731755869388160e-13
1.346781488646777399e-05 4.605578716958325903e-13
1.347210788498742988e-05 4.622152486522401634e-13
1.347628245596171574e-05 4.643528882494245104e-13
1.348051624070868576e-05 4.670461258035863749e-13
1.348489805988736876e-05 4.687411704180938653e-13
1.348898381020262751e-05 4.677806451365393077e-13
1.349321759494959754e-05 4.659443468041565212e-13
1.349762457998167356e-05 4.683682606029022194e-13
1.350168516444353929e-05 4.636183689164711736e-13
1.350591894919050932e-05 4.645977280270755890e-13
1.351040016291619977e-05 4.636358574720175494e-13
1.351438651868445276e-05 4.589664131411004785e-13
1.351862030343142448e-05 4.616596506952623430e-13
1.352285408817839451e-05 4.601906120293560734e-13
1.352708787292536454e-05 4.597009324740538152e-13
1.353132165767233626e-05 4.574973744751943099e-13
1.353555544241930629e-05 4.606802915846579276e-13
1.353978922716627631e-05 4.598233523628795565e-13
1.354402301191324804e-05 4.612923910287859270e-13
1.354825679666021806e-05 4.583543136969730849e-13
1.355249058140718978e-05 4.554162363651601419e-13
1.355672436615415981e-05 4.590888330299263207e-13
1.356095815090112984e-05 4.568852750310664115e-13
1.356519193564810156e-05 4.599457722517049948e-13
1.356942572039507159e-05 4.578646341416707258e-13
1.357362101618979885e-05 4.542287634435522795e-13
1.357789328988901334e-05 4.552938164763342997e-13
1.358212707463598337e-05 4.563955954757643553e-13
1.358636085938295678e-05 4.539471976992534684e-13
1.359059464412992681e-05 4.535799380327769515e-13
1.359470013236941362e-05 4.573035429845534015e-13
1.359921024805557984e-05 4.571395317232428733e-13
1.360329599837083859e-05 4.546817170322068051e-13
1.360752978311781031e-05 4.533350982551258729e-13
1.361176356786478034e-05 4.529678385886490531e-13
1.361599735261175036e-05 4.514987999227427330e-13
1.362023113735872208e-05 4.492952419238830762e-13
1.362446492210569211e-05 4.517436397003937611e-13
1.362869870685266214e-05 4.486831424797551778e-13
1.363293249159963386e-05 4.526005789221725362e-13
1.363716627634660389e-05 4.510091203674405253e-13
1.364140006109357561e-05 4.499073413680104192e-13
1.364563384584054564e-05 4.541920374769045975e-13
1.364986763058751736e-05 4.513763800339172442e-13
1.365410141533448908e-05 4.503970209233129298e-13
1.365833520008145911e-05 4.500297612568363624e-13
1.366256898482843083e-05 4.494176618127084640e-13
1.366680276957540086e-05 4.484383027021041496e-13
1.367103655432237089e-05 4.486831424797551778e-13
1.367527033906934261e-05 4.477037833691510149e-13
1.367950412381631264e-05 4.481934629244530206e-13
1.368373790856328266e-05 4.489279822574063068e-13
1.368797169331025438e-05 4.457450651479422347e-13
1.369220547805722441e-05 4.472141038138486557e-13
1.369628530699521322e-05 4.457450651479422347e-13
1.370071581305366170e-05 4.455954408393778437e-13
1.370502229915487295e-05 4.458797270256503683e-13
1.370925608390184298e-05 4.439944607377373055e-13
1.371337440179207794e-05 4.421948883720014942e-13
1.371760818653904797e-05 4.403585900396186067e-13
1.372184197128602138e-05 4.415827889278741006e-13
1.372607575603299141e-05 4.437863469267333535e-13
1.373030954077996313e-05 4.423173082608271344e-13
1.373454332552693316e-05 4.425621480384782635e-13
1.373877711027390319e-05 4.429294077049551338e-13
1.374301089502087491e-05 4.452553855926403804e-13
1.374724467976784494e-05 4.443984463708613529e-13
1.375147846451481666e-05 4.458674850367676225e-13
1.375571224926178668e-05 4.408482695949204610e-13
1.375994603400875671e-05 4.417052088166994885e-13
1.376417981875572843e-05 4.414603690390481574e-13
1.376841360350269846e-05 4.396240707066654214e-13
1.377264738824966849e-05 4.437863469267334545e-13
1.377688117299664021e-05 4.407258497060951741e-13
1.378111495774361024e-05 4.372980928189800234e-13
1.378534874249058365e-05 4.423173082608271849e-13
1.378958252723755368e-05 4.436639270379080162e-13
1.379381631198452371e-05 4.406034298172697863e-13
1.379805009673149543e-05 4.404810099284440955e-13
1.380228388147846546e-05 4.406034298172696853e-13
1.380651766622543718e-05 4.408482695949204610e-13
1.381075145097240721e-05 4.410931093725716910e-13
1.381498523571937723e-05 4.393792309290142419e-13
1.381921902046634896e-05 4.399913303731418878e-13
1.382345280521331898e-05 4.392568110401888540e-13
1.382768658996028901e-05 4.388895513737120847e-13
1.383192037470726073e-05 4.397464905954908093e-13
1.383615415945423076e-05 4.421948883720014942e-13
1.384038794420120248e-05 4.401137502619672252e-13
1.384462172894817251e-05 4.382774519295843882e-13
1.384885551369514254e-05 4.375429325966312029e-13
1.385308929844211426e-05 4.397464905954908093e-13
1.385732308318908598e-05 4.375429325966312029e-13
1.386155686793605601e-05 4.407258497060950731e-13
1.386579065268302773e-05 4.397464905954907588e-13
1.387002443742999776e-05 4.381550320407587479e-13
1.387425822217696948e-05 4.415827889278740501e-13
1.387849200692393951e-05 4.390119712625374220e-13
1.388195601262600682e-05 4.433297013096863312e-13
1.388195601262600682e-05 4.148476454293629307e-04
1.388195601262600682e-05 1.000000000000000000e-01
1.695845389902066685e-05 1.000000000000000000e-01
1.695845389902066685e-05 7.360389530888484495e-14
1.695959971603800090e-05 7.351426277601191038e-14
1.695971545684565204e-05 7.226366106311381061e-14
1.695989581046200467e-05 7.097796593480275820e-14
1.696021437956891012e-05 6.967171102776490864e-14
1.696104784747026796e-05 6.789931630993879518e-14
1.696167951938408252e-05 6.411082260058547468e-14
1.696227836810281761e-05 6.248169645578364875e-14
1.696304395847116425e-05 6.123764416336665097e-14
1.696380091993987004e-05 5.996076036879563465e-14
1.696478702522151904e-05 5.860184001871381998e-14
1.696588238031765820e-05 5.727026518713560476e-14
1.696756773665345440e-05 5.605718760240633312e-14
1.696892817600883455e-05 5.576284347962449559e-14
1.696961070165429217e-05 5.710543247837775908e-14
1.697059120731155625e-05 5.848790035828214297e-14
1.697188978687084906e-05 5.992354007972130358e-14
1.697444102699171127e-05 6.065827825365648031e-14
1.697706422765349988e-05 6.105465016327941290e-14
1.697925891160519989e-05 6.178898552023328890e-14
1.698065370116104254e-05 6.317669002089486003e-14
1.698073556579952038e-05 6.598029621091071979e-14
1.698212892687974928e-05 6.445281421772966525e-14
1.698335104898269563e-05 6.601758555432471216e-14
1.698477523545345363e-05 6.592436219578969337e-14
1.698478651884100123e-05 6.474786216358874454e-14
1.698587983256003614e-05 6.324973416684162578e-14
1.698635406832248868e-05 6.196685799012939140e-14
1.698703721524145961e-05 6.057341814292419459e-14
1.698829883582867579e-05 5.923610412845017342e-14
1.698838101398972105e-05 5.812234394773052151e-14
1.698974306548185924e-05 5.928547798130390728e-14
1.699077550416344781e-05 6.062658998445899655e-14
1.699168669020756212e-05 6.203142379770734718e-14
1.699172236128417235e-05 6.290116320566915297e-14
1.699276876728281674e-05 5.997671192125608029e-14
1.699284857145344328e-05 5.862082996211911000e-14
1.699308898389825085e-05 5.736464520585985236e-14
1.699356875171592163e-05 5.590906604384515680e-14
1.699413400903714374e-05 5.161100885311682757e-14
1.699458159806095444e-05 5.443745713548541825e-14
1.699477112380929749e-05 5.289667671381685705e-14
1.699618110981497527e-05 5.469497566213426826e-14
1.699641150128696176e-05 5.636586050066671478e-14
1.699696600954566869e-05 5.803593970523649041e-14
1.699754482786198771e-05 5.953006845236389278e-14
1.699800965382480331e-05 6.097368395003328252e-14
1.699966749067076928e-05 6.207458275999208230e-14
1.700228695132369240e-05 6.229693773368298740e-14
1.700464085980401456e-05 6.122329620612711085e-14
1.700544472651638314e-05 5.991689359952945018e-14
1.700609092126554832e-05 5.864741588288649836e-14
1.700677735141099654e-05 5.740673958040821515e-14
1.700746390853206052e-05 5.617197126032267931e-14
1.700819268504330932e-05 5.505831657928861577e-14
1.700934187779792124e-05 5.384422619757772724e-14
1.701081700424479008e-05 5.292612573374381711e-14
1.701240886975846701e-05 5.466919537532951924e-14
1.701294441825001381e-05 5.646253657618448890e-14
1.701336827437806927e-05 5.808615755557488083e-14
1.701421157800548872e-05 5.989081894646911873e-14
1.701507679469292487e-05 6.095279501228745214e-14
1.701512193452213323e-05 6.226310110725175667e-14
1.701627842837429721e-05 6.077428954427781935e-14
1.701673905681647228e-05 5.923639628142563631e-14
1.701821168644844571e-05 5.750801927856971564e-14
1.702110088584121733e-05 5.732520942338821578e-14
1.702194335449935637e-05 5.892087106792253075e-14
1.702252639021985533e-05 6.024257112893000173e-14
1.702307374398011946e-05 6.174733424436437206e-14
1.702373606145731182e-05 6.565191980773529680e-14
1.702384340663766046e-05 6.327336609641264046e-14
1.702471755059839167e-05 6.433196912333242708e-14
1.702541792959171837e-05 6.575117391193355088e-14
1.702597606358124101e-05 6.407094371943440477e-14
1.702603640239091739e-05 6.245451973677699071e-14
1.702630257229161603e-05 6.109332059348651750e-14
1.702669144416567610e-05 5.975339018680999285e-14
1.702693066621414734e-05 5.687502116506035966e-14
1.702795494382701162e-05 5.811569746753864286e-14
1.702934555184516642e-05 5.771690865602777964e-14
1.703012943577097781e-05 5.886010324902561783e-14
1.703131856235480271e-05 6.011850349868216836e-14
1.703292816866979015e-05 6.127942203885826125e-14
1.703484985794667775e-05 6.221476306949287908e-14
1.703708531838391197e-05 6.115978539540501364e-14
1.703834240289115094e-05 5.982686400420351052e-14
1.703928847672077652e-05 5.860184001871383260e-14
1.704080780337734725e-05 5.740547358418119245e-14
1.704128671002829267e-05 5.677880545180696259e-14
1.704282712370574270e-05 5.858242807656622693e-14
1.704390651796775655e-05 6.001924939448390166e-14
1.704599996715173613e-05 6.120449808033198267e-14
1.704805623325994111e-05 6.102833278716625869e-14
1.704882089852027171e-05 5.974123662303061531e-14
1.704997912880511912e-05 5.833321863745368670e-14
1.705087625044530525e-05 5.721842264163916591e-14
1.705112180540230879e-05 5.620151117228646028e-14
1.705211031052297942e-05 5.795618194293431272e-14
1.705238172088847844e-05 5.952475126821040249e-14
1.705316081148503297e-05 6.121295723693979035e-14
1.705375477164279682e-05 6.258213215646045482e-14
1.705440169967610260e-05 6.392737974729048239e-14
1.705518437415923548e-05 6.581306002749765014e-14
1.705594291057898392e-05 6.762016414188117957e-14
1.705644501975516440e-05 6.886305593775674303e-14
1.705752366168669206e-05 6.991984628826057537e-14
1.705774993222298612e-05 6.598513001468658104e-14
1.705788660876914859e-05 7.234448226224668384e-14
1.705793016503111557e-05 7.121116243981960251e-14
1.705918501056258882e-05 6.885640945756488963e-14
1.705964961431808447e-05 6.712537061648807080e-14
1.706028620165309478e-05 6.573972151529527671e-14
1.706056639635870770e-05 6.431401499502198070e-14
1.706094091817494363e-05 6.293838349474352192e-14
1.706199525784054248e-05 6.142201925024700127e-14
1.706308657424655345e-05 5.991689359952943755e-14
1.706442667116742657e-05 5.846335950834302011e-14
1.706708250100911787e-05 5.782566924098532681e-14
1.706934295049367573e-05 5.635343071952870470e-14
1.707149351825395270e-05 5.538620960208646021e-14
1.707384951162050377e-05 5.535485184938644394e-14
1.707490928912757408e-05 5.702272072487923295e-14
1.707565831824855551e-05 5.869467974202852771e-14
1.707643353608901405e-05 6.020269224777891919e-14
1.707690472897167906e-05 6.138956371060889540e-14
1.707811552715889249e-05 6.242745043563201118e-14
1.708072626112446733e-05 6.224376589214819806e-14
1.708333990398582607e-05 6.219542785438930785e-14
1.708604974818630576e-05 6.201496584675611518e-14
1.708766129722811910e-05 6.197597316296394980e-14
1.708808150800185518e-05 6.363106757582845583e-14
1.708863700320734333e-05 6.534706791626918474e-14
1.708934838406008023e-05 6.664977803387139094e-14
1.708959528813293048e-05 6.815335955282720928e-14
1.709047573700983878e-05 6.979577865801272938e-14
1.709121887083466033e-05 7.093011127742143391e-14
1.709304013642114773e-05 6.929950813702142115e-14
1.709439680732182946e-05 6.790817828352794146e-14
1.709592268591985417e-05 6.701666374046138813e-14
1.710125063328855874e-05 6.853147042596343150e-14
1.710220104572634833e-05 6.974260681647795267e-14
1.710331220928588202e-05 7.075287180563884908e-14
1.710401197187034453e-05 7.289746941420843739e-14
1.710410217534339585e-05 7.193328668771101834e-14
1.710431252313824560e-05 6.634214095070585923e-14
1.710517836982004979e-05 7.002618997133014142e-14
1.710534853527627920e-05 6.872727784240900333e-14
1.710586229673205798e-05 6.735240593986674301e-14
1.710709614593951451e-05 6.617123146005835003e-14
1.710870432377889497e-05 6.726568519831594678e-14
1.710918408207339804e-05 6.912758584939228874e-14
1.710969513350687964e-05 7.078654730527753679e-14
1.711020607066231485e-05 7.244019157700929454e-14
1.711106199246874437e-05 7.415909219971555788e-14
1.711248835566423504e-05 7.528429430088094509e-14
1.711394616263795399e-05 7.614095174783020822e-14
1.711630674805649736e-05 9.527381206051565541e-14
1.714666036427267546e-05 9.550394204133813566e-14
1.715114889160715872e-05 6.284799136413438888e-14
1.715298562794460478e-05 6.415226535942876915e-14
1.715402195058601445e-05 6.249351242056915609e-14
1.715421888975649130e-05 6.428363108557353687e-14
1.715444244618913108e-05 6.086069378677185045e-14
1.715459241572116317e-05 5.954374121161569251e-14
1.715474328315215490e-05 5.826856651195115747e-14
1.715504756886343049e-05 5.702187672739455115e-14
1.715571118525924729e-05 5.544892510748644856e-14
1.715644739333199969e-05 5.421516309209419202e-14
1.715655627918531270e-05 5.268278636483756581e-14
1.715656349438760155e-05 5.171735253618639362e-14
1.715806034636127060e-05 5.500514473775382013e-14
1.715809696728140023e-05 5.670906056875483280e-14
1.715863276510686981e-05 5.841345978013344295e-14
1.715917841421957531e-05 6.002323728259900360e-14
1.715962218445192850e-05 6.131664232793261757e-14
1.716036790585827646e-05 6.283469840375066946e-14
1.716111728416218343e-05 6.452290437248005732e-14
1.716155363584454668e-05 5.164645674747334328e-14
1.716198584927635973e-05 5.365893038616862283e-14
1.716243125951413904e-05 6.621406433240580624e-14
1.716260655569196405e-05 5.529227268204165856e-14
1.716280231398927228e-05 5.444684040163860783e-14
1.716287243915547470e-05 5.770965795036393728e-14
1.716291685575647356e-05 5.892554551552997491e-14
1.716300986050682515e-05 5.644691967167776460e-14
1.716341928847627514e-05 6.779297262686924175e-14
1.716428107193857156e-05 5.689274511223862698e-14
1.716444791788957391e-05 5.912596245669953927e-14
1.716445591735298046e-05 5.765487484090386927e-14
1.716453048377971361e-05 6.573256376739637903e-14
1.716485946171221493e-05 6.444979309036973303e-14
1.716530914583358231e-05 6.325342665583710550e-14
1.716593667516813222e-05 6.203712078072894302e-14
1.716670100485006886e-05 6.073441066312673682e-14
1.716950449298546046e-05 6.030283254933607780e-14
1.717077777900332202e-05 6.056160217813869988e-14
1.717080791983864862e-05 6.196400949861859348e-14
1.717136973929524017e-05 6.322019425487785112e-14
1.717166640510948945e-05 6.430489982218744755e-14
1.717247277550879272e-05 6.587992572822134426e-14
1.717419940662693440e-05 6.492833966418277394e-14
1.717468233341638386e-05 6.369874082869090466e-14
1.717523850835363862e-05 6.240134789524220137e-14
1.717631074119127199e-05 5.994126402689955827e-14
1.717643447098684620e-05 6.108999735339060343e-14
1.717769045816509412e-05 6.146552348423000499e-14
1.717800326835094280e-05 6.294950124342806843e-14
1.717873881641373551e-05 6.462260157535779522e-14
1.718007945862770126e-05 6.617206227008233801e-14
1.718026342843005511e-05 6.781955854763663011e-14
1.718076496621599009e-05 6.903586442274479260e-14
1.718126736108728655e-05 7.029204917900405024e-14
1.718176961311103010e-05 7.154158745507145448e-14
1.718278773529263392e-05 7.283100461228995388e-14
1.718321384276421017e-05 7.514587871339354636e-14
1.718335117735100444e-05 7.387910341177365470e-14
1.718460085176589438e-05 7.332284414648670159e-14
1.718462784995488426e-05 7.181409314293722931e-14
1.718495597080202072e-05 7.049144358475948816e-14
1.718540892454533718e-05 6.913999261241707839e-14
1.718634570175612913e-05 6.773162050202141567e-14
1.718693426667140928e-05 6.714826404825999206e-14
1.718840688217559821e-05 6.792590223070618354e-14
1.719310628123048274e-05 6.538694679742027990e-14
1.719474398089908880e-05 6.416842542891483716e-14
1.719590323647075917e-05 6.280811248298329372e-14
1.719670541123313170e-05 6.142298601100218362e-14
1.719691169943635307e-05 5.996151996653184575e-14
1.719712490962422739e-05 5.882212336221506304e-14
1.719759209461247323e-05 5.733407139697732419e-14
1.719777196826102153e-05 5.574955051924080141e-14
1.719863665751130747e-05 5.429550516034731444e-14
1.719930184366053898e-05 5.291712742209945523e-14
1.719931376960048716e-05 5.006902544860811985e-14
1.719933872030777246e-05 5.122994398878420642e-14
1.720060092135491397e-05 5.465952776777774624e-14
1.720065082276948118e-05 5.329478383505165491e-14
1.720087337926919641e-05 5.627683794779406483e-14
1.720139286823193809e-05 5.832838483367781283e-14
1.720191349997516399e-05 6.043310356109630599e-14
1.720240662880135219e-05 6.236412760616785767e-14
1.720290185791956050e-05 6.419178881383164293e-14
1.720366253416691374e-05 6.640567094318895874e-14
1.720427216715503764e-05 6.818289946479097132e-14
1.720449018427670380e-05 5.497855881698644439e-14
1.720478235515437477e-05 6.949447155598228593e-14
1.720486326401280455e-05 5.611643622583081122e-14
1.720508100178813434e-05 5.850562430546041029e-14
1.720510576203200447e-05 5.728773593506845996e-14
1.720527877899763385e-05 7.102582059218405724e-14
1.720531260530002598e-05 5.960450903051259281e-14
1.720560744266549913e-05 7.194037626658235556e-14
1.720562014022645835e-05 6.104605673434451339e-14
1.720637082003035993e-05 7.427993729411279604e-14
1.720654636381062331e-05 7.323127041939902918e-14
1.720827221629619140e-05 7.242778481398451752e-14
1.720892279170388849e-05 7.136213248989156414e-14
1.721026335892288184e-05 7.069615517466840375e-14
1.721269403223946545e-05 7.037905764697005768e-14
1.721344777388704656e-05 6.900263202178556346e-14
1.721395643364422753e-05 6.778537664950713080e-14
1.721428296156100009e-05 6.606332389929658466e-14
1.721590867374749324e-05 6.410961414964150937e-14
1.721662984615121285e-05 6.360569010600503279e-14
1.721888165428592460e-05 6.469381386312756652e-14
1.722197434479062704e-05 6.481534950092135449e-14
1.722369412553340938e-05 6.339421119080987862e-14
1.722506968001588586e-05 6.174201706021088177e-14
1.722615194211274165e-05 6.090721914811479900e-14
1.722774157697827421e-05 6.280663548738509426e-14
1.722874671590379945e-05 6.410639161379091416e-14
1.723102017956382526e-05 6.543407638423520480e-14
1.723384657922574418e-05 6.552639255830806899e-14
1.723632662015007395e-05 6.487295232925071697e-14
1.723910608911742608e-05 6.562791191564838209e-14
1.724283637395871257e-05 6.776638670610184078e-14
1.724410619354243028e-05 6.602057790904312830e-14
1.724423875607884477e-05 6.481534950092135449e-14
1.724504718669863862e-05 6.355372671541424663e-14
1.724591871957910643e-05 6.261403526138133347e-14
1.724770519022069404e-05 6.426236234895962618e-14
1.724908877088091879e-05 6.559773516921888426e-14
1.725080143967033753e-05 6.639278079978659054e-14
1.725270423151354824e-05 6.792348532881825291e-14
1.725533314607776816e-05 6.858571644611509432e-14
1.725769067913458308e-05 6.768072096140691572e-14
1.726101695034281484e-05 6.603070587885925942e-14
1.726274006741096057e-05 6.483661823753529042e-14
1.726318586607867954e-05 6.345946754178438420e-14
1.726375341984449471e-05 6.221752524307909092e-14
1.726443676629657080e-05 6.083336936820536867e-14
1.726515187705784062e-05 5.954469070878595007e-14
1.726906744957011961e-05 5.935092024780823911e-14
1.726942895750264301e-05 6.085784529526106515e-14
1.726993354043578462e-05 6.221583724810972732e-14
1.727041966655710949e-05 6.382103606422092897e-14
1.727042252350832345e-05 6.600791794677292654e-14
1.727219051919871436e-05 6.769194612795315338e-14
1.727295626227790600e-05 6.599417661272550383e-14
1.727343717843124866e-05 6.486852134245614383e-14
1.727348641322386279e-05 6.347276050216806576e-14
1.727366816293704610e-05 6.179120101363056916e-14
1.727468516194469481e-05 6.015499397816682746e-14
1.727486802750631282e-05 5.870467786607778082e-14
1.727522018487943678e-05 5.707415492453378540e-14
1.727627470237878975e-05 5.864741588288649836e-14
1.727628658729584471e-05 6.141235164269522828e-14
1.727642097828103871e-05 5.992354007972130358e-14
1.727664382047586992e-05 6.476217765938657778e-14
1.727705396439241047e-05 6.725593702736790859e-14
1.727721303943610583e-05 6.912758584939228874e-14
1.727724149467021938e-05 7.045156470360840562e-14
1.727746681581964643e-05 7.157717168748321102e-14
1.727772870008422229e-05 7.345872774152002968e-14
1.727805953503500964e-05 7.533451215121933550e-14
1.727852506571245594e-05 7.708741052714934733e-14
1.727879293345844911e-05 7.849114714366762929e-14
1.727911565466779030e-05 8.023518354600853270e-14
1.727914079583848738e-05 8.140496405977378449e-14
1.727935312445284742e-05 8.243649778554855372e-14
1.727935312445284742e-05 1.000000000000000000e-01
2.316178478861060337e-05 1.000000000000000000e-01
2.316178478861060337e-05 1.602256285094911237e-13
2.316636759193935497e-05 1.486633380810307693e-13
2.317573364512994825e-05 1.456489007034456581e-13
2.318549147360969947e-05 1.443591074213816452e-13
2.319525871436634051e-05 1.433537208753010791e-13
2.320501945750320059e-05 1.417826997290947863e-13
2.321473387885242783e-05 1.375234316346625273e-13
2.322460814369532421e-05 1.415687732821814367e-13
2.323440514500857047e-05 1.412733277075438618e-13
2.324414338416776565e-05 1.376322146141240323e-13
2.325394773995418589e-05 1.372915215604391606e-13
2.326371722128873514e-05 1.348793191750599777e-13
2.327355555522004143e-05 1.359049361969446169e-13
2.328330842882566230e-05 1.321780051042939726e-13
2.329313374293417953e-05 1.320752194083397363e-13
2.330290814207995335e-05 1.290580800978238764e-13
2.331122657691885239e-05 1.299049312511718823e-13
2.331831759261735517e-05 1.258344848206485974e-13
2.332816280705104134e-05 1.323073726518515051e-13
2.333781500952938470e-05 1.299446981987893125e-13
2.334764730867812353e-05 1.289984634370701500e-13
2.335754428128807971e-05 1.312419921994232533e-13
2.336741338971440565e-05 1.317960285152672190e-13
2.337725014052189910e-05 1.304284279746091912e-13
2.338716322682301332e-05 1.328557899439293466e-13
2.339704039159914311e-05 1.331742851767114129e-13
2.340683787566103674e-05 1.290934827950909373e-13
2.341688398573613350e-05 1.378332918628273045e-13
2.342671120647270779e-05 1.348761472887500464e-13
2.343653094007005724e-05 1.313138564841273306e-13
2.344644057062066772e-05 1.322395598787090168e-13
2.345592213547494122e-05 1.246852701620256713e-13
2.346411225303210660e-05 1.257487915495267328e-13
2.347334028792807486e-05 1.270476125857048113e-13
2.348076913716076928e-05 1.152385295549148538e-13
2.348962634428736378e-05 1.307838474142275488e-13
2.349945812074878790e-05 1.264868420718879980e-13
2.350930207590867446e-05 1.226127587348756727e-13
2.351883559227444076e-05 1.258376403505943157e-13
2.352856342910521984e-05 1.389483729195513969e-13
2.353851376772645579e-05 1.399600833186555617e-13
2.354796750316451843e-05 1.384244781372508609e-13
2.355291585011251218e-05 1.217500382656770861e-13
2.355783451725247316e-05 1.112924395485979000e-13
2.356791631834351529e-05 1.106792864948445232e-13
2.357767936439022523e-05 1.089510766358438271e-13
2.358165433865263132e-05 1.140337519587363908e-13
2.359218643143935816e-05 1.239067342741005828e-13
2.359445986728423144e-05 1.344743933768395027e-13
2.360034806833365083e-05 1.113240541631710581e-13
2.360838325735341319e-05 1.287802671068479569e-13
2.361035575896161274e-05 1.137360450174204237e-13
2.362032088400070704e-05 1.137344411710585808e-13
2.362738811813503868e-05 1.276566269105471779e-13
2.363031362951270643e-05 1.149380758674227297e-13
2.364053065825132664e-05 1.119110339142512390e-13
2.365007836369548892e-05 1.053460830369161838e-13
2.366008099324014383e-05 1.064127960050007212e-13
2.367005798077448733e-05 1.095293966530804461e-13
2.368009353099798323e-05 1.082659074678680898e-13
2.369011788362478945e-05 1.097923693897158675e-13
2.370013293149285673e-05 1.106242265174521836e-13
2.371013956281747440e-05 1.108085601802617509e-13
2.372010793195549402e-05 1.088222275873106486e-13
2.373013746690788738e-05 1.097457066495955802e-13
2.374080133709408573e-05 1.106477005186480482e-13
2.375080989103844437e-05 1.100546676918794635e-13
2.375839846671335884e-05 8.777033467727893242e-14
2.375881109260359511e-05 9.883677393130923477e-14
2.376756555929502177e-05 1.135829462979710593e-13
2.377771534965989869e-05 1.022062646359980939e-13
2.378002781806873002e-05 9.803672276600718955e-14
2.379010641282544827e-05 1.001671675565804862e-13
2.380018640688053440e-05 1.021500419211094454e-13
2.381027520897123717e-05 1.043612488329906038e-13
2.382034922381940015e-05 1.056048476649261783e-13
2.383043022549329292e-05 1.069852769696846862e-13
2.384052457924917863e-05 1.088239942738940059e-13
2.385060502977824488e-05 1.097425758575900691e-13
2.386070247335947577e-05 1.113030810281769223e-13
2.387083148357042520e-05 1.142389148882460268e-13
2.388077913151191698e-05 1.078148207109113252e-13
2.389088297623631320e-05 1.090531571534500116e-13
2.390099565022532648e-05 1.105195826300359340e-13
2.391107068680713794e-05 1.098774062040836374e-13
2.392122563685507300e-05 1.130365227008385923e-13
2.393133382586123270e-05 1.136296594306132517e-13
2.394148734499078213e-05 1.162811814634864461e-13
2.395163786958403470e-05 1.185645627949280920e-13
2.396177361200748550e-05 1.198905551037568320e-13
2.396798505514132364e-05 1.201862915626360533e-13
2.397057876071402561e-05 1.157744407349177673e-13
2.397596866241415899e-05 1.227849858911597692e-13
2.397975506898507094e-05 1.147250716374832352e-13
2.398724363045863419e-05 1.267006096290007702e-13
2.398952219646028795e-05 1.368812733285017598e-13
2.398952219646028795e-05 1.000000000000000000e-01
2.460e-5 1.68e-1
2.470e-5 1.68e-15
2.486e-5 1.68e-15
2.500e-5 1.68e-15
2.510e-5 1.68e-1
1.157903197553376330e-04 8.421519210665189270e-01
1.157903197553376330e-04 2.255419892154055428e-10
1.158070975059945142e-04 1.558646703078616440e-10
1.158198078883512663e-04 1.541621563376093125e-10
1.158306494177782279e-04 1.473521004565998314e-10
1.158387985124987560e-04 1.617557555799279823e-10
1.16474599049492515e-04 2.048893339512648121e-10
1.16474599049492515e-04 8.421519210665189270e-01