1.049552580706973356e-09 1.000000000000000000e-01
1.060730657266820266e-09 1.000000000000000000e-01
1.072027783979917587e-09 7.811350598318104304e-07
1.083445228769137946e-09 7.701538043918779725e-07
1.094984273061158329e-09 7.602834421106917689e-07
1.106646211930253433e-09 7.505395793040327926e-07
1.118432354243660458e-09 7.447500506909143107e-07
1.130344022808491971e-09 7.439101728922032398e-07
1.142382554520173875e-09 7.343761514159298141e-07
1.154549300512502592e-09 7.249643188393709995e-07
1.166845626309303669e-09 7.156731091782980570e-07
1.179272911977661396e-09 7.065009765182907520e-07
1.191832552282823891e-09 6.974463947575081660e-07
1.204525956844762123e-09 6.959971899543529275e-07
1.217354550296324780e-09 6.908165865136631643e-07
1.230319772443193079e-09 6.813771223974023088e-07
1.243423078425447748e-09 6.726445302712268200e-07
1.256665938880854485e-09 6.640238558522051894e-07
1.270049840109985743e-09 6.615386074469210618e-07
1.283576284242977871e-09 6.581586301812547460e-07
1.297246789408141945e-09 6.497236083955651102e-07
1.311062889902365670e-09 6.413966906280569010e-07
1.325026136363282336e-09 6.331764914076535441e-07
1.339138095943319958e-09 6.250616430196023981e-07
1.353400352485606405e-09 6.170507952779002952e-07
1.367814506701698459e-09 6.091426153006579679e-07
1.382382176351251031e-09 6.078569346329601799e-07
1.397104996423603357e-09 6.028338499128163234e-07
1.411984619321246012e-09 5.951078756203177042e-07
1.427022715045293616e-09 5.874809181278529648e-07
1.442220971382934096e-09 5.799517084269615720e-07
1.457581094096820166e-09 5.777621459799522216e-07
1.473104807116532068e-09 5.748290797469880996e-07
1.488793852732079100e-09 5.674620171751895330e-07
1.504649991789408104e-09 5.601893715576620710e-07
1.520675003888048343e-09 5.585313522476832798e-07
1.536870687580867555e-09 5.552413007109662016e-07
1.553238860575863903e-09 5.480221773551065613e-07
1.569781359940254182e-09 5.403012941504089867e-07
1.586500042306619839e-09 5.333443678327018338e-07
1.603396784081244407e-09 5.265089771599334946e-07
1.620473481654794752e-09 5.197611894852769433e-07
1.637732051615088883e-09 5.132083779417516818e-07
1.655174430962229293e-09 5.132083779417516818e-07
1.672802577326019730e-09 5.085677458122994940e-07
1.690618469185638317e-09 5.020498946154772856e-07
1.708624106091710310e-09 4.956155768015213703e-07
1.726821508890746605e-09 4.892637217988797859e-07
1.745212719951910131e-09 4.877996069150032788e-07
1.763799803396259860e-09 4.846573011020070165e-07
1.782584845328437681e-09 4.779910102892883453e-07
1.801569954070757005e-09 4.718650333587062615e-07
1.820757260399849825e-09 4.658175675142045195e-07
1.840148917785835244e-09 4.636488154397150676e-07
1.859747102633967050e-09 4.617030690200848723e-07
1.879554014528923935e-09 4.557858398490113788e-07
1.899571876481699333e-09 4.499444464334488337e-07
1.919802935179055107e-09 4.441779168553567484e-07
1.940249461235697684e-09 4.406937213791355032e-07
1.960913749449151024e-09 4.402545582328487801e-07
1.981798119057222780e-09 4.346122151568044200e-07
2.002904913998407379e-09 4.286189669278230992e-07
2.024236503174907119e-09 4.228923330189990444e-07
2.045795280718453690e-09 4.188751261637647189e-07
2.067583666259119128e-09 4.188751261637647189e-07
2.089604105196789873e-09 4.137850321948054872e-07
2.111859068975657557e-09 4.084819250089389079e-07
2.134351055361623534e-09 4.032467829345085156e-07
2.157082588722582828e-09 3.980787349243720732e-07
2.180056220311771540e-09 3.929769210948070911e-07
2.203274528554127683e-09 3.914547041403923678e-07
2.226740119335628614e-09 3.895058133847719728e-07
2.250455626295784999e-09 3.844767983371498618e-07
2.274423711123252411e-09 3.790600459181058526e-07
2.298647063854509713e-09 3.784251473872737927e-07
2.323128403175799413e-09 3.756546120984764275e-07
2.347870476728285349e-09 3.708401878979258043e-07
2.372876061416376404e-09 3.660874658025446928e-07
2.398147963719415605e-09 3.613956550324550284e-07
2.423689020006694900e-09 3.596894479443117357e-07
2.449502096855732343e-09 3.582035000299130301e-07
2.475590091374029216e-09 3.536127308932536869e-07
2.501955931524264923e-09 3.490807974778068178e-07
2.528602576452803499e-09 3.446069457395414973e-07
2.555533016821941869e-09 3.418813465641113436e-07
2.582750275145503638e-09 3.410379221363919661e-07
2.610257406128006308e-09 3.366671486312658496e-07
2.638057497007637652e-09 3.323523913630239474e-07
2.666153667902635531e-09 3.280929324224012125e-07
2.694549072161510786e-09 3.249549181842732956e-07
2.723246896716995757e-09 3.249549181842732956e-07
2.752250362443660930e-09 3.210272071761407030e-07
2.781562724519437944e-09 3.169128928419456200e-07
2.811187272790998094e-09 3.141388045856780016e-07
2.841127332142914761e-09 3.140884925822165248e-07
2.871386262870865802e-09 3.060893080610524286e-07
2.901967461058804332e-09 3.036827049669639636e-07
2.932874358960049933e-09 3.017260145811633697e-07
2.964110425382535614e-09 2.978590661137397910e-07
2.995679166078163797e-09 2.940416768149882047e-07
3.027584124136199765e-09 2.935746362748356519e-07
3.059828880380962317e-09 2.914444496581866471e-07
3.092417053773751653e-09 2.877092706763219526e-07
3.125352301818946671e-09 2.840219620932357173e-07
3.158638320974537178e-09 2.838030143115254448e-07
3.192278847067045548e-09 2.815132376121782664e-07
3.226277655710672374e-09 2.779053379610500448e-07
3.260638562731214537e-09 2.743423812213428528e-07
3.295365424594258557e-09 2.704772721600035456e-07
3.330462138837921787e-09 2.669456443574711104e-07
3.365932644510453289e-09 2.652246888444642676e-07
3.401780922612247724e-09 2.645877524952521839e-07
3.438010996542566719e-09 2.611967714244591379e-07
3.474626932551281226e-09 2.578492494802271012e-07
3.511632840195090172e-09 2.563966939345142596e-07
3.549032872798808472e-09 2.555717047445115655e-07
3.586831227921555692e-09 2.522962741743275724e-07
3.625032147827777912e-09 2.490628218248187645e-07
3.663639919963418797e-09 2.458708096992332026e-07
3.702658877437161287e-09 2.437025814293263096e-07
3.742093399506660071e-09 2.433243760478195392e-07
3.781947912070089948e-09 2.402059083732609344e-07
3.822226888162926928e-09 2.371274072684100474e-07
3.862934848459885976e-09 2.355909491458723965e-07
3.904076361782335933e-09 2.350328955364321335e-07
3.945656045611129992e-09 2.320206922418284669e-07
3.987678566604745840e-09 2.290470936228269452e-07
4.030148641123094474e-09 2.277493122720533543e-07
4.073071035756902559e-09 2.270239541203344508e-07
4.116450567862589743e-09 2.241143941585493650e-07
4.160292106102989183e-09 2.212421233859351963e-07
4.204600570993845919e-09 2.182312393421787689e-07
4.249380935455879698e-09 2.152760425451893104e-07
4.294638225373136027e-09 2.128403767254943927e-07
4.340377520156964525e-09 2.128403767254943927e-07
4.386603953315989384e-09 2.106399129050412416e-07
4.433322713032499573e-09 2.079403323285459826e-07
4.480539042744541620e-09 2.052753498260267276e-07
4.528258241734481786e-09 2.026445219853730766e-07
4.576485665723825022e-09 2.023027225680266529e-07
4.625226727474198079e-09 2.008545925393892936e-07
4.674486897394898782e-09 1.982804215323807921e-07
4.724271704156922950e-09 1.957392413387229210e-07
4.774586735313353991e-09 1.929983271592877623e-07
4.825437637926532072e-09 1.922867840589284963e-07
4.876830119201911039e-09 1.912293790693407075e-07
4.928769947128479018e-09 1.887785656870565438e-07
4.981262951126183585e-09 1.863591621554143861e-07
5.034315022700253962e-09 1.839707659228661341e-07
5.087932116102305267e-09 1.816129795970038590e-07
5.142120248998669847e-09 1.792854108784373410e-07
5.196885503145848978e-09 1.769876724955194070e-07
5.252234025072965818e-09 1.766833466901902179e-07
5.308172026771678708e-09 1.754243662513039293e-07
5.364705786393464651e-09 1.731220142741003956e-07
5.421841648954006616e-09 1.708024473966537534e-07
5.479586027045598703e-09 1.708024473966537534e-07
5.537945401556732894e-09 1.691861070932379273e-07
5.596926322399336393e-09 1.670178023203076962e-07
5.656535409244188960e-09 1.648772867415903484e-07
5.716779352263627703e-09 1.627642042082079376e-07
5.777664912882500513e-09 1.606782031357185536e-07
5.839198924537102623e-09 1.586189364456168390e-07
5.901388293441978001e-09 1.569423929814523074e-07
5.964239999365103386e-09 1.569423929814523074e-07
6.027761096411328421e-09 1.552029597115131288e-07
6.091958713813941171e-09 1.531048407646109724e-07
6.156840056734885135e-09 1.510177105817778197e-07
6.222412407073498690e-09 1.491722288550427428e-07
6.288683124283641328e-09 1.491722288550427428e-07
6.355659646199752606e-09 1.477654318983825215e-07
6.423349489871704861e-09 1.458716564769592436e-07
6.491760252408321468e-09 1.442070361998054244e-07
6.560899611830106580e-09 1.442070361998054244e-07
6.630775327931062272e-09 1.427302018949506560e-07
6.701395243149440067e-09 1.409009584462574343e-07
6.772767283448011655e-09 1.390951587505350693e-07
6.844899459203742173e-09 1.373125023504779345e-07
6.917799866106524422e-09 1.354021460750965488e-07
6.991476686068148615e-09 1.336096926100438599e-07
7.065938188140433158e-09 1.325051115538276089e-07
7.141192729443112842e-09 1.324295377224181383e-07
7.217248756102174333e-09 1.307323085370317143e-07
7.294114804197474285e-09 1.290568311976252121e-07
7.371799500720899863e-09 1.280946833412959894e-07
7.450311564544697801e-09 1.279168910694503703e-07
7.529659807399852883e-09 1.262774963803138881e-07
7.609853134865151100e-09 1.246591123249125616e-07
7.690900547366784416e-09 1.230614696290236072e-07
7.772811141188320921e-09 1.217527594393208025e-07
7.855594109491702961e-09 1.217527594393208025e-07
7.939258743349141715e-09 1.202261144141026791e-07
8.023814432785692335e-09 1.186852854288278154e-07
8.109270667833232588e-09 1.171642038501255287e-07
8.195637039595664695e-09 1.156626165934078486e-07
8.282923241325173256e-09 1.141802738176446280e-07
8.371139069510230803e-09 1.127169288837911526e-07
8.460294424975203727e-09 1.118729251819633412e-07
8.550399313991355103e-09 1.117213167246597612e-07
8.641463849399995490e-09 1.102894860119959240e-07
8.733498251747624539e-09 1.088760057739749989e-07
8.826512850432643205e-09 1.074140088110948091e-07
8.920518084865117213e-09 1.059400230500537296e-07
9.015524505638235206e-09 1.045822859310279946e-07
9.111542775712209339e-09 1.032419496963084826e-07
9.208583671611473638e-09 1.019187913345540694e-07
9.306658084633955876e-09 1.010695683660107971e-07
9.405777022073222039e-09 1.010185575462360039e-07
9.505951608454363574e-09 9.972389438360750991e-08
9.607193086782135176e-09 9.844582374363427224e-08
9.709512819802944542e-09 9.718413297501400833e-08
9.812922291280268927e-09 9.593861215180157054e-08
9.917433107283285075e-09 9.470905403848372625e-08
1.002305699748958108e-08 9.339998083086559909e-08
1.012980581650175164e-08 9.215510154473417032e-08
1.023769154517764675e-08 9.097403325276603181e-08
1.034672629197514571e-08 8.980810164110037971e-08
1.045692229431127608e-08 8.977699491270100478e-08
1.056829191993540958e-08 8.901483980485419219e-08
1.068084766831747467e-08 8.787401739734948717e-08
1.079460217205095243e-08 8.674781587517436711e-08
1.090956819827042597e-08 8.563604785571273053e-08
1.102575865008465756e-08 8.453852835786086730e-08
1.114318656802467252e-08 8.345507477125029147e-08
1.126186513150753638e-08 8.237487622429336651e-08
1.138180766031525293e-08 8.121432684397666034e-08
1.150302761608984184e-08 8.016387476815853150e-08
1.162553860384432968e-08 7.913648714595475623e-08
1.174935437348941922e-08 7.840774318610752867e-08
1.187448882137683978e-08 7.840774318610752867e-08
1.200095599185912690e-08 7.743222405500951588e-08
1.212877007886560330e-08 7.643984552061480691e-08
1.225794542749560146e-08 7.546018540116357671e-08
1.238849653562838217e-08 7.449308069627578968e-08
1.252043805555049155e-08 7.353837049459802135e-08
1.265378479559994135e-08 7.259589594703291583e-08
1.278855172182836225e-08 7.162763912689241628e-08
1.292475395968086206e-08 7.063825344524454116e-08
1.306240679569330605e-08 6.973294706561126419e-08
1.320152567920813938e-08 6.883924317614500777e-08
1.334212622410849013e-08 6.795699307826002633e-08
1.348422421057026858e-08 6.708604997910592599e-08
1.362783558683338590e-08 6.622626896714290040e-08
1.377297647099186723e-08 6.456622512569532799e-08
1.391966315280252189e-08 6.345643346726673613e-08
1.406791209551341942e-08 6.264316995571585534e-08
1.421773993771152822e-08 6.184032930443483020e-08
1.436916349519035204e-08 6.104777793308298814e-08
1.452219976283689442e-08 6.020949312565491078e-08
1.467686591653923806e-08 5.940154541315185623e-08
1.483317931511443817e-08 5.864024972137363518e-08
1.499115750225642690e-08 5.788871086548729705e-08
1.515081820850518299e-08 5.714680380098334813e-08
1.531217935323688528e-08 5.641440508593323108e-08
1.547525904667472265e-08 5.569139286045259421e-08
1.564007559192165557e-08 5.497764682642448743e-08
1.580664748701482510e-08 5.360132371669303776e-08
1.597499342700131626e-08 5.312407558161255986e-08
1.614513230603659285e-08 5.265860033783177885e-08
1.631708321950497494e-08 5.133474764328462276e-08
1.649086546616302929e-08 5.061151123557322637e-08
1.666649855030516455e-08 5.049392079365988885e-08
1.684400218395286737e-08 5.049392079365988885e-08
1.702339628906728146e-08 5.063198939750760517e-08
1.720470099978470625e-08 5.128931803402658305e-08
1.738793666467654691e-08 5.135584250016930518e-08
1.757312384903333212e-08 5.174638630143752873e-08
1.776028333717240570e-08 5.241818257010207481e-08
1.794943613477093658e-08 5.309870041835601295e-08
1.814060347122331404e-08 5.312407558161255986e-08
1.833380680202410952e-08 5.357189312070174551e-08
1.852906781117566515e-08 5.429109539380234615e-08
1.872640841362200988e-08 5.505656480720708059e-08
1.892585075770869277e-08 5.577133539210378148e-08
1.912741722766810999e-08 5.589123130155570499e-08
1.933113044613201966e-08 5.626834546390766865e-08
1.953701327667081420e-08 5.699884796327795619e-08
1.974508882635910711e-08 5.773883419452591242e-08
1.995538044836937094e-08 5.848842727998226185e-08
2.016791174459322309e-08 5.924775194041092369e-08
2.038270656828984962e-08 6.001693451575965810e-08
2.059978902676349960e-08 6.079610298618194157e-08
2.081918348406897118e-08 6.082715391912228536e-08
2.104091456374642955e-08 6.082715391912228536e-08
2.126500715158450115e-08 6.047094128816094982e-08
2.149148639841355680e-08 5.969594012008960625e-08
2.172037772292875992e-08 5.893087143855976751e-08
2.195170681454239382e-08 5.880252413249009543e-08
2.218549963626732392e-08 5.841034366395280262e-08
2.242178242763124440e-08 5.766175130533031108e-08
2.266058170762106733e-08 5.692275297550893263e-08
2.290192427765955852e-08 5.684528408068546839e-08
2.314583722461363129e-08 5.641996261779742909e-08
2.339234792383387132e-08 5.569687916647517735e-08
2.364148404222734048e-08 5.498306281944220225e-08
2.389327354136258463e-08 5.495319069863520034e-08
2.414774468060822813e-08 5.441361449171070192e-08
2.440492602030409317e-08 5.371624458325976817e-08
2.466484642496689848e-08 5.312407558161255986e-08
2.492753506653017036e-08 5.312407558161255986e-08
2.519302142761771393e-08 5.255942531658432865e-08
2.546133530485287823e-08 5.188581886783724153e-08
2.573250681220305261e-08 5.135584250016930518e-08
2.600656638435886492e-08 5.135584250016930518e-08
2.628354478015041431e-08 5.076841917991755987e-08
2.656347308599924150e-08 5.011776643121832985e-08
2.684638271940771409e-08 4.945838369169608284e-08
2.713230543248450673e-08 4.876627584927062272e-08
2.742127331550857167e-08 4.814128275439601568e-08
2.771331880053111988e-08 4.752429962874345969e-08
2.800847466501492788e-08 4.718848551881491092e-08
2.830677403551340220e-08 4.710452443584993946e-08
2.860825039138888858e-08 4.650082850055313291e-08
2.891293756856947816e-08 4.590486958811461689e-08
2.922086976334690469e-08 4.531654854013521831e-08
2.953208153621490410e-08 4.473576746903828031e-08
2.984660781574735486e-08 4.416242974178387223e-08
3.016448390251893541e-08 4.359643996379007278e-08
3.048574547306680313e-08 4.300567626010517416e-08
3.081042858389522716e-08 4.242080540915843851e-08
3.113856967552160338e-08 4.187713644945138705e-08
3.147020557656670373e-08 4.134043520134038136e-08
3.180537350788846832e-08 4.081061236598955870e-08
3.214411108675871165e-08 4.005559547530787115e-08
3.248645633108543623e-08 3.910375669276607144e-08
3.283244766368011186e-08 3.860259933573962012e-08
3.318212391656928502e-08 3.810786485768288689e-08
3.353552433535334425e-08 3.761947094238590633e-08
3.389268858361094593e-08 3.713733632861095642e-08
3.425365674735120470e-08 3.666138079657137158e-08
3.461846933951184871e-08 3.615015098514922406e-08
3.498716730450656893e-08 3.567275910817763874e-08
3.535979202282082803e-08 3.521557373304959167e-08
3.573638531565529496e-08 3.473308671222454186e-08
3.611698944962002220e-08 3.384850680508913525e-08
3.650164714147866400e-08 3.331027407782795458e-08
3.689040156294187554e-08 3.288336652902563873e-08
3.728329634551306273e-08 3.229532477303709169e-08
3.768037558538580096e-08 3.067128172265520903e-08
3.808168384839202949e-08 2.821825828809217879e-08
3.848726617500444943e-08 2.629445484904027922e-08
3.889716808539129205e-08 2.487745436613388663e-08
3.931143558452587966e-08 2.317316908319620082e-08
3.973011516734898695e-08 2.144735960729557308e-08
4.015325382398764265e-08 2.020728421580658919e-08
4.058089904502950442e-08 1.891159427842788625e-08
4.101309882685196660e-08 1.730872195306021048e-08
4.144990167700943538e-08 1.622763898642294746e-08
4.189135661967808304e-08 1.506667350325672125e-08
4.233751320115700267e-08 1.370778816895674347e-08
4.278842149542948905e-08 1.228775451159624343e-08
4.324413210978358530e-08 1.152027542580717818e-08
4.370469619049088954e-08 1.024553209243754688e-08
4.417016542854761850e-08 9.207757375267922608e-09
4.464059206547573763e-08 8.476834531123743158e-09
4.511602889918697021e-08 7.845129770174305760e-09
4.559652928990742883e-08 6.895738817449825465e-09
4.608214716616700525e-08 6.336573198095031540e-09
4.657293703085255238e-08 5.854846277688906456e-09
4.706895396732381945e-08 5.280803826979450839e-09
4.757025364559628969e-08 4.763043765181409647e-09
4.807689232858978202e-08 4.422941722628139998e-09
4.858892687844195672e-08 4.030654093014101142e-09
4.910641476289093369e-08 3.566331389998397148e-09
4.962941406172474690e-08 3.300730751390820103e-09
5.015798347330068563e-08 3.022936517065851518e-09
5.069218232113203450e-08 2.710413975714364733e-09
5.123207056054679129e-08 2.423052064750497738e-09
5.177770878541734378e-08 2.242596547469552170e-09
5.232915823495990754e-08 1.971364292836803903e-09
5.288648080060829105e-08 1.795249854860755367e-09
5.344973903296083629e-08 1.661549574160933820e-09
5.401899614879948310e-08 1.534128315923852793e-09
5.459431603818547000e-08 1.365979842800617228e-09
5.517576327163063274e-08 1.252063114542097460e-09
5.576340310734312274e-08 1.139362159743644309e-09
5.635730149855245526e-08 1.019414335196974942e-09
5.695752510091128044e-08 9.434939933035170089e-10
5.756414127997733114e-08 8.677495831150011115e-10
5.817721811877276189e-08 7.817763574215800934e-10
5.879682442542606688e-08 7.072425062524348089e-10
5.942302974089541244e-08 6.630689486168617260e-10
6.005590434677208683e-08 5.981530313361065879e-10
6.069551927316920268e-08 5.491070198750477928e-10
6.134194630669441445e-08 5.082125658285749252e-10
6.199525799850537375e-08 4.696442137391553753e-10
6.265552767245344169e-08 4.235976221414067327e-10
6.332282943331257416e-08 3.970819177585801740e-10
6.399723817509746338e-08 3.729056913664172642e-10
6.467882958946769285e-08 3.442057056194735851e-10
6.536768017422359699e-08 3.116615185485257951e-10
6.606386724189280616e-08 2.914829497123990411e-10
6.676746892840574338e-08 2.689569319054298177e-10
6.747856420186588287e-08 2.486588060385818166e-10
6.819723287141353960e-08 2.361544386510035462e-10
6.892355559618150889e-08 2.214235125379536360e-10
6.965761389434863105e-08 2.039775835407327068e-10
7.039949015228969270e-08 1.890470321963644073e-10
7.114926763382034142e-08 1.792775164995886954e-10
7.190703048954326055e-08 1.659259185511113562e-10
7.267286376629211004e-08 1.565471417277615573e-10
7.344685341667791868e-08 1.483434728457349354e-10
7.422908630873412916e-08 1.394674909079392084e-10
7.501965023566693987e-08 1.290807234992706231e-10
7.581863392570975242e-08 1.223600610650483275e-10
7.662612705207955425e-08 1.162069101612086400e-10
7.744222024304231696e-08 1.103631842912909776e-10
7.826700509208545182e-08 1.048133233214482894e-10
7.910057416819589274e-08 9.954254959417050718e-11
7.994302102625039805e-08 9.371292096874325337e-11
8.079444021751657526e-08 8.827597722084913464e-11
8.165492730026284220e-08 8.389550544689109744e-11
8.252457885048459058e-08 8.071103127388140623e-11
8.340349247274266069e-08 7.581141682062652231e-11
8.429176681111923620e-08 7.188115027177539216e-11
8.518950156028706916e-08 6.852143826513930624e-11
8.609679747669963232e-08 6.341834049565707645e-11
8.701375638990043832e-08 6.083385405859954256e-11
8.794048121394973913e-08 5.852474541133255652e-11
8.887707595897600410e-08 5.608551495739040098e-11
8.982364574285052204e-08 5.326512868062263792e-11
9.078029680298303654e-08 5.123554663622118908e-11
9.174713650824660666e-08 4.843853372218362018e-11
9.272427337102739170e-08 4.605711308270088549e-11
9.371181705940490565e-08 4.484523720480787994e-11
9.470987840945824121e-08 4.297639149854878680e-11
9.571856943770683970e-08 4.041707636404063641e-11
9.673800335368366290e-08 3.843081002438784264e-11
9.776829457263888728e-08 3.697206773159627414e-11
9.880955872838231315e-08 3.556869583238868632e-11
9.986191268626266226e-08 3.381393539988601162e-11
1.009254745562814743e-07 3.262294578987720322e-11
1.020003637063501782e-07 3.154872291686493935e-11
1.030867007756886051e-07 2.996222442020518262e-11
1.041846076883622555e-07 2.881961572247479600e-11
1.052942076669680491e-07 2.772569154315887389e-11
1.064156252464631960e-07 2.649980667837031312e-11
1.075489862881440861e-07 2.511396431729827745e-11
1.086944179937695446e-07 2.416069786608236314e-11
1.098520489198384850e-07 2.298830506223478824e-11
1.110220089920197645e-07 2.198604506445502601e-11
1.122044295197315263e-07 2.115150700068824021e-11
1.133994432108799571e-07 2.034864602017318046e-11
1.146071841867549964e-07 1.934539289716940681e-11
1.158277879970806035e-07 1.851710786169904524e-11
1.170613916352293750e-07 1.781424241699741857e-11
1.183081335535993690e-07 1.713805607558996874e-11
1.195681536791503039e-07 1.648753616206663334e-11
1.208415934291100116e-07 1.597191465625857716e-11
1.221285957268453591e-07 1.544863720389564334e-11
1.234293050179050664e-07 1.486224361913865267e-11
1.247438672862284363e-07 1.429810814244042879e-11
1.260724300705312592e-07 1.375538590887196935e-11
1.274151424808662078e-07 1.332602468731066337e-11
1.287721552153549667e-07 1.302511449856018208e-11
1.301436205771032423e-07 1.285818342827066609e-11
1.315296924912960583e-07 1.284445222423205321e-11
1.329305265224700277e-07 1.284445222423205321e-11
1.343462798919753346e-07 1.232176524466634466e-11
1.357771114956201709e-07 1.069182075837104842e-11
1.372231819215063658e-07 1.022655015346157998e-11
1.386846534680496934e-07 9.830296188774559356e-12
1.401616901621968784e-07 9.457161487941328841e-12
1.416544577778366776e-07 9.117381095633956853e-12
1.431631238544020205e-07 8.885180249515111465e-12
1.446878577156753316e-07 8.658893078866670951e-12
1.462288304887941239e-07 8.379905844404459210e-12
1.477862151234539500e-07 8.085444156225542135e-12
1.493601864113207561e-07 7.879524610401091567e-12
1.509509210056505742e-07 7.588789520039016333e-12
1.525585974411122103e-07 7.300737089789740327e-12
1.541833961538273826e-07 7.102951578922151435e-12
1.558254995016206580e-07 7.102951578922151435e-12
1.574850917844886395e-07 7.102951578922151435e-12
1.591623592652809895e-07 7.175255284898955170e-12
1.608574901906073209e-07 7.224197622998947606e-12
1.625706748119668576e-07 7.224197622998947606e-12
1.643021054070972377e-07 7.224197622998947606e-12
1.660519763015565960e-07 6.404662451585757029e-12
1.678204838905354825e-07 5.873755709731067985e-12
1.696078266608951243e-07 5.667171594085955574e-12
1.714142052134471458e-07 5.522840450587149378e-12
1.732398222854663269e-07 5.445879331762761136e-12
1.750848827734475733e-07 5.326395603425181531e-12
1.769495937560979903e-07 5.182808490333353446e-12
1.788341645175802876e-07 5.056993982304879362e-12
1.807388065710038611e-07 4.992183080411665577e-12
1.826637336821592923e-07 4.878702416897479930e-12
1.846091618935124349e-07 4.812506025527993046e-12
1.865753095484539366e-07 4.802691664848659550e-12
1.885623973158003811e-07 4.741139924940914836e-12
1.905706482145630407e-07 4.680377037816199686e-12
1.926002876389805322e-07 4.652321923201156830e-12
1.946515433838111936e-07 4.652321923201156830e-12
1.967246456699023891e-07 4.652321923201156830e-12
1.988198271700277134e-07 4.652321923201156830e-12
2.009373230350038764e-07 4.652321923201156830e-12
2.030773709200778705e-07 4.676656477402025034e-12
2.052402110116024468e-07 4.737371062436850178e-12
2.074260860539956918e-07 4.798873873173917154e-12
2.096352413769801773e-07 4.812506025527993046e-12
2.118679249231198694e-07 4.754764197107039436e-12
2.141243872756503487e-07 4.633670183586821469e-12
2.164048816865975779e-07 4.515660184226413615e-12
2.187096641052039833e-07 4.400655655561468336e-12
2.210389932066574302e-07 4.259287251819744586e-12
2.233931304211180360e-07 4.081429207751299343e-12
2.257723399630630976e-07 3.858067449564363473e-12
2.281768888609390938e-07 3.711624370338392146e-12
2.306070469871352702e-07 3.505562021633095225e-12
2.330630870882667608e-07 3.320862493166499277e-12
2.355452848157888999e-07 3.191115142404772549e-12
2.380539187569376681e-07 3.030642739466819476e-12
2.405892704659908461e-07 2.849517251209248983e-12
2.431516244958708403e-07 2.703805256646415661e-12
2.457412684300843367e-07 2.601175229414635968e-12
2.483584929149929591e-07 2.502440794316832625e-12
2.510035916924376429e-07 2.407454083925863789e-12
2.536768616327045224e-07 2.311338296902696465e-12
2.563786027678480006e-07 2.217898474565102522e-12
2.591091183253583506e-07 1.312586788610235898e-13
2.618687147621972990e-07 1.145671568893895450e-13
2.646577017991962459e-07 1.989761809998168591e-13
2.674763924558108206e-07 2.075945236816287596e-13
2.703251030852559143e-07 1.645417031025711545e-13
2.732041534100143598e-07 2.216901452194636336e-13
2.761138665577140710e-07 1.225053831230998429e-13
2.790545690973974115e-07 1.370083814438989191e-13
2.820265910761768097e-07 2.422209653185646755e-13
2.850302660562703218e-07 1.238597435124471908e-13
2.880659311524432935e-07 1.925800954492212098e-13
2.911339270698420402e-07 1.523526774838067963e-13
2.942345981422369603e-07 3.233595986141873418e-13
2.973682923706615847e-07 1.049520000406199404e-13
3.005353614624738715e-07 1.565085164148116863e-13
3.037361608708330235e-07 1.125844321315101389e-13
3.069710498345866406e-07 1.914826604883817000e-13
3.102403914185927170e-07 9.287757795270916290e-14
3.135445525544720378e-07 6.680852549301591638e-14
3.168839040817827678e-07 1.046827341990203312e-13
3.202588207896463507e-07 7.677182669008005514e-14
3.236696814588089419e-07 7.001516463028054014e-14
3.271168689041589150e-07 9.887647609336160693e-14
3.306007700176838738e-07 1.060201984438091960e-13
3.341217758118969189e-07 1.548342424027752517e-13
3.376802814637258196e-07 4.396072851189034363e-13
3.412766863588569878e-07 3.326013415877543062e-13
3.449113941365644855e-07 7.355003992464899335e-13
3.485848127350161757e-07 1.242539434612330811e-12
3.522973544370499773e-07 5.767531062379343076e-13
3.560494359164501334e-07 2.311478702426729226e-13
3.598414782847166648e-07 1.574780545083134027e-13
3.636739071383197504e-07 8.720476383577841792e-14
3.675471526064719087e-07 1.641531230851185579e-13
3.714616493994003523e-07 2.121660808235434641e-13
3.754178368571421211e-07 2.360871845777135712e-13
3.794161589988441527e-07 1.594852279161184240e-13
3.834570645726016419e-07 9.751074659367077700e-14
3.875410071058279670e-07 9.906408054210065154e-14
3.916684449561460701e-07 1.954808390705820966e-13
3.958398413628369740e-07 7.020361665523444283e-14
4.000556644988354286e-07 8.171703455090088240e-14
4.043163875232656475e-07 9.893888194975456343e-14
4.086224886345502735e-07 9.493412783586719623e-14
4.129744511240859568e-07 9.249903503983509067e-14
4.173727634304748511e-07 8.638509434082745326e-14
4.218179191943509385e-07 1.222419303589127141e-13
4.263104173137798491e-07 1.823110823393815700e-13
4.308507620002592266e-07 1.685565362023160472e-13
4.354394628352980410e-07 1.110837773283524365e-12
4.400770348276139706e-07 5.573592098814693080e-13
4.447639984709407540e-07 1.312765580021609066e-12
4.495008798024342875e-07 2.684660521107866108e-13
4.542882104617173340e-07 1.483815473556746632e-13
4.591265277505531521e-07 1.623614633515543829e-13
4.640163746931382550e-07 3.262997279190171617e-13
4.689583000970552181e-07 2.448013374250493198e-13
4.739528586148642042e-07 1.438038900893045799e-13
4.790006108063613669e-07 1.998271469521870852e-13
4.841021232014814232e-07 2.885693196318753171e-13
4.892579683638870638e-07 1.460952560293616547e-13
4.944687249552364666e-07 2.199083523775536637e-13
4.997349778001166298e-07 2.082689228125752352e-13
5.050573179516867325e-07 2.549893665484640969e-13
5.104363427580209302e-07 1.298074566352246351e-13
5.158726559291379906e-07 2.698925631528579924e-13
5.213668676047654107e-07 2.439061420310725552e-13
5.269195944228234078e-07 3.207953406127509137e-13
5.325314595886203109e-07 3.858941676832288432e-13
5.382030929448060478e-07 3.599701156175870259e-13
5.439351310420575734e-07 3.344907206489624121e-13
5.497282172105302282e-07 1.109005133137925752e-13
5.555830016320483451e-07 6.237120956908691162e-13
5.615001414130842312e-07 9.395760810534834704e-14
5.674803006585146207e-07 8.232937949994579184e-14
5.735241505461428454e-07 2.031356484433409463e-13
5.796323694020338391e-07 9.167631707183687952e-13
5.858056427766530820e-07 1.441867837374369630e-13
5.920446635217945569e-07 2.494830885213227683e-13
5.983501318683518201e-07 8.375220915968996017e-13
6.047227555049026477e-07 3.953747458199141391e-13
6.111632496571461150e-07 3.569793420273479920e-13
6.176723371681601327e-07 1.607552410081204770e-13
6.242507485795367214e-07 1.105749600939265055e-13
6.308992222133811535e-07 1.538834111413184557e-13
6.376185042551617280e-07 1.034884086395594799e-13
6.444093488374650238e-07 1.266381793630971090e-13
6.512725181246427608e-07 7.605679669632804845e-13
6.582087823983370342e-07 1.485598378799930179e-13
6.652189201439402496e-07 2.145966050560601046e-13
6.723037181379756772e-07 3.250882853497290556e-13
6.794639715363845430e-07 4.408249418628655462e-13
6.867004839637802196e-07 2.930186365277410447e-13
6.940140676036370122e-07 5.443953709677223505e-13
7.014055432894558916e-07 5.091347831749528909e-13
7.088757405968735031e-07 1.262982589667031467e-14
7.164254979367766050e-07 1.147765304678437269e-14
7.240556626494099698e-07 7.352524875851132140e-13
7.317670910994585853e-07 3.233452808674844851e-13
7.395606487721699066e-07 2.634902026700790239e-13
7.474372103705004883e-07 1.299092424297339561e-13
7.553976599132683622e-07 1.371360894276791857e-13
7.634428908343799828e-07 1.537384817054426877e-13
7.715738060831129990e-07 2.496765008189916572e-13
7.797913182254391819e-07 1.566328916023916061e-13
7.880963495464582373e-07 1.429241891921697302e-13
7.964898321539029020e-07 3.425933952835394378e-13
8.049727080827663594e-07 6.113963445118192175e-13
8.135459294010116338e-07 2.909246044225028345e-13
8.222104583164347494e-07 2.830501280910712200e-13
8.309672672846686305e-07 2.235379678164387942e-13
8.398173391183044507e-07 1.827545298350111766e-13
8.487616670972077213e-07 2.509392766410922813e-13
8.578012550800079442e-07 1.761435384256595008e-13
8.669371176167454183e-07 7.182464667040360796e-14
8.761702800627518535e-07 1.498434799972625897e-13
8.855017786937236093e-07 3.259005532250217274e-13
8.949326608220411291e-07 4.047544384203531926e-13
9.044639849142915852e-07 4.487527078844242018e-13
9.140968207100760493e-07 8.392937205948021454e-14
9.238322493420812837e-07 3.975136945920891509e-13
9.336713634573981519e-07 5.434392727816594604e-13
9.436152673401642611e-07 2.887459712729417142e-13
9.536650770355142103e-07 3.476657928872930981e-13
9.638219204748152115e-07 4.213657143849636195e-13
9.740869376022703519e-07 2.516012133701335223e-13
9.844612805028713905e-07 5.890420834983816880e-13
9.949461135316780089e-07 5.665675268389723102e-13
1.005542613444514889e-06 1.583660748076015880e-13
1.016251969530034103e-06 6.276877588494071398e-13
1.027075383743212374e-06 5.278730626585600850e-13
1.038014070840224982e-06 1.260614172651818776e-13
1.049069258514795621e-06 2.737694853840524654e-13
1.060242187535999129e-06 6.799007505520112771e-13
1.071534111887491685e-06 1.940385117472960598e-13
1.082946298908262905e-06 1.551036313632365693e-13
1.094480029434888887e-06 1.175616113777758949e-13
1.106136597945258879e-06 2.146293401053169274e-13
1.117917312703872558e-06 1.389161988701356092e-13
1.129823495908686107e-06 2.305499191484791803e-13
1.141856483839480202e-06 6.356229329020542147e-13
1.154017627007855358e-06 4.095642864872153100e-13
1.166308290308794712e-06 1.004490343001288344e-13
1.178729853173871952e-06 4.268934647987340550e-13
1.191283709726041085e-06 6.447814439972889666e-14
1.203971268936119844e-06 5.255699556622399355e-13
1.216793954780938148e-06 4.961111664470310900e-13
1.229753206403127696e-06 2.543727781842377679e-13
1.242850478272657287e-06 4.447959702850764981e-13
1.256087240350090166e-06 4.138057329727026211e-13
1.269464978251532249e-06 3.666489165589251685e-13
1.282985193415389201e-06 3.197150714661085354e-13
1.296649403270869872e-06 2.793941849495351230e-13
1.310459141408313401e-06 1.322224683014268074e-13
1.324415957751279415e-06 7.472129970016480132e-14
1.338521418730517378e-06 5.905718346617028254e-14
1.352777107459790933e-06 8.884642005909490417e-14
1.367184623913523795e-06 1.926441837507779677e-13
1.381745585106387888e-06 2.679763937628483338e-13
1.396461625274804716e-06 3.315851556130791926e-13
1.411334396060328424e-06 4.011692238287396702e-13
1.426365566695033351e-06 4.505520846420688472e-13
1.441556824188875396e-06 5.111132350867103382e-13
1.456909873518999007e-06 5.566241260282457460e-13
1.472426437821115383e-06 5.855232726638682598e-13
1.488108258582886023e-06 6.015458259281397730e-13
1.503957095839400571e-06 6.333976515844250467e-13
1.519974728370677363e-06 6.482519606964144749e-13
1.536162953901320537e-06 6.602530070198807427e-13
1.552523589302305083e-06 6.765477724130801869e-13
1.569058470794854505e-06 6.853310382904848349e-13
1.585769454156545317e-06 6.871213567443768117e-13
1.602658414929609392e-06 6.914384127357166090e-13
1.619727248631393693e-06 6.954205443750049180e-13
1.636977870967128178e-06 6.759635287660081227e-13
1.654412218044920753e-06 6.755891768880688089e-13
1.672032246593080948e-06 6.697904278928987558e-13
1.689839934179690756e-06 6.612063319135329140e-13
1.707837279434576396e-06 6.527322505009869795e-13
1.726026302273642448e-06 6.443667736984074420e-13
1.744409044125535114e-06 6.301327021588007472e-13
1.762987568160778823e-06 6.140845250481165586e-13
1.781763959523358209e-06 5.959635714543692266e-13
1.800740325564697415e-06 5.587403687486388789e-13
1.819918796080199336e-06 5.238420846890234979e-13
1.839301523548303305e-06 4.763567516290184627e-13
1.858890683372022251e-06 3.635402303239153808e-13
1.878688474123126635e-06 1.957310398774532524e-13
1.898697117788883870e-06 8.930579493741202179e-14
1.918918860021472471e-06 1.438656734494455234e-13
1.939355970389973720e-06 3.218841297778248499e-13
1.960010742635118517e-06 4.302908664376492364e-13
1.980885494926746859e-06 4.958877597174455433e-13
2.001982570123938009e-06 5.350694638580922854e-13
2.023304336037982464e-06 5.603789367342040990e-13
2.044853185698156752e-06 5.832770185754433936e-13
2.066631537620252357e-06 6.141615116667515905e-13
2.088641836078042158e-06 6.277883711783437453e-13
2.110886551377634823e-06 1.000000000000000000e-01
2.103122515786118603e-05 1.000000000000000000e-01
2.125521455037317716e-05 2.782572749980960446e-11
2.148158950281234495e-05 3.099581013098536284e-11
2.171037542216846438e-05 2.413579082835279826e-11
2.194159798602376458e-05 2.428317359131513255e-11
2.217528314543507366e-05 2.856295529391253494e-11
2.241145712784668362e-05 2.254750020487125402e-11
2.265014644003345113e-05 1.947955303272725942e-11
2.289137787107608537e-05 2.116128622030446688e-11
2.313517849536763732e-05 2.187200509795609024e-11
2.338157567565253878e-05 2.117102870462757688e-11
2.363059706609706628e-05 1.807738553960112986e-11
2.388227061539337126e-05 1.492918393216847346e-11
2.413662456989655806e-05 1.367559526359297994e-11
2.439368747679431849e-05 3.331187018112733757e-11
2.465348818731117616e-05 3.624483869659540269e-11
2.491605585994689331e-05 3.454836893026433971e-11
2.518141996374843715e-05 2.955922177368172609e-11
2.544961028161771461e-05 4.007604580320568421e-11
2.572065691365454381e-05 3.576212095674492688e-11
2.599459028053428255e-05 2.679470185595940372e-11
2.627144112692249601e-05 4.036684166993195995e-11
2.655124052492532848e-05 3.158847121756018540e-11
2.683401987757729707e-05 3.502257777957112762e-11
2.711981092236512495e-05 4.447672343200670678e-11
2.740864573479009764e-05 4.546096950646946805e-11
2.770055673196836980e-05 3.024485630428016764e-11
2.799557667626858545e-05 2.250713150454942885e-11
2.829373867898928171e-05 4.789215540433647411e-11
2.859507620407544915e-05 1.000000000000000000e-01
1.281803828232291886e-01 1.000000000000000000e-01
1.295455456164109620e-01 3.908044913130995570e-11
1.309252478376292661e-01 3.470897960929185671e-11
1.323196443365255437e-01 3.087059128636000614e-11
1.337288916119403925e-01 2.747511331221395660e-11
1.351531478294747401e-01 2.467010774943728746e-11
1.365925728392478833e-01 2.225416427504224256e-11
1.380473281938349617e-01 2.028212261338344375e-11
1.395175771663951902e-01 1.922963906279686646e-11
1.410034847690035287e-01 1.823177117770901998e-11
1.425052177711672030e-01 1.728568483219261520e-11
1.440229447185394918e-01 1.649377708787592527e-11
1.455568359518432775e-01 1.575398174889268313e-11
1.471070636259855346e-01 1.504736844824167276e-11
1.486738017293754766e-01 1.437244887204862803e-11
1.502572261034603285e-01 1.379706651862058673e-11
1.518575144624510376e-01 1.329037381957627228e-11
1.534748464132764445e-01 1.280228924211478322e-11
1.551094034757376727e-01 1.233212940913265309e-11
1.567613691028769685e-01 1.189252776871315425e-11
1.584309287015750467e-01 1.156030555844993137e-11
1.601182696533562488e-01 1.123736409985997871e-11
1.618235813354151675e-01 1.092344413167544742e-11
1.635470551418791718e-01 1.061829363518808397e-11
1.652888845052853162e-01 1.036190214172493658e-11
1.670492649182861333e-01 1.013242714857485206e-11
1.688283939555985880e-01 9.908034115451078403e-12
1.706264712961746755e-01 9.688610497115584185e-12
1.724436987456080983e-01 9.476707732731919936e-12
1.742802802587919198e-01 9.280610460268092868e-12
1.761364219628052785e-01 9.088570940913307940e-12
1.780123321800434866e-01 8.900505209398623689e-12
1.799082214516074529e-01 8.716331037910270751e-12
1.818243025609293850e-01 8.518787470101433637e-12
1.837607905576498224e-01 8.319313218439328714e-12
1.857179027817624339e-01 7.950296748483072635e-12
1.876958588880026424e-01 6.548805420742307947e-12
1.896948808704955969e-01 5.394371278900150221e-12
1.917151930876808130e-01 4.443442677721890945e-12
1.937570222874882342e-01 3.810030966140064653e-12
1.958205976327822562e-01 3.442509999786947718e-12
1.979061507270927889e-01 3.110440624748598667e-12
2.000139156405962293e-01 2.810403130473395151e-12
2.021441289363973937e-01 2.539307676517067300e-12
2.042970296970752830e-01 2.380615902445929919e-12
2.064728595515109788e-01 2.235016253850172502e-12
2.086718627020170302e-01 2.098321551932049125e-12
2.108942859517399349e-01 1.969987165738743443e-12
2.131403787323550070e-01 1.874096691897880985e-12
2.154103931320711318e-01 1.795473428683869033e-12
2.177045839239188041e-01 1.720148617222653919e-12
2.200232085943388594e-01 1.647983878826923060e-12
2.223665273720917490e-01 1.578846640157420065e-12
2.247348032574591592e-01 1.512609889673617685e-12
2.271283020517557372e-01 1.449151944301817973e-12
2.295472923871721527e-01 1.388356225891703927e-12
2.319920457569194294e-01 1.336394637761431457e-12
2.344628365456939534e-01 1.312243116947036115e-12
2.369599420604840745e-01 1.288528065975579740e-12
2.394836425616878817e-01 1.265241596899725331e-12
2.420342212945621352e-01 1.242375964324344110e-12
2.446119645210234950e-01 1.219923562830168003e-12
2.472171615517713583e-01 1.197876924444187118e-12
2.498501047787521134e-01 1.181476460972744192e-12
2.525110897079897221e-01 1.165373522601080830e-12
2.552004149927352028e-01 1.149490059295391052e-12
2.579183824670001179e-01 1.133823079719329813e-12
2.606652971794265028e-01 1.118369633306984319e-12
2.634414674275173507e-01 1.103126809707232814e-12
2.662472047922508356e-01 1.088091738235555673e-12
2.690828241730439885e-01 1.073261587333439954e-12
2.719486438230883874e-01 1.056493778190383351e-12
2.748449853850825075e-01 1.039271019878123960e-12
2.777721739273241397e-01 1.022329023658352214e-12
2.807305379801875223e-01 1.005663212601485948e-12
2.837204095730089914e-01 9.892690843901179181e-13
2.867421242713456220e-01 9.731422101027585865e-13
2.897960212146296843e-01 9.572782330173795475e-13
2.928824431542459195e-01 9.416728674343575281e-13
2.960017364919928617e-01 9.346053581713940880e-13
2.991542513189537456e-01 9.363853620714115524e-13
3.023403414548029744e-01 9.381687560802701709e-13
3.055603644875097391e-01 9.399555466546023298e-13
3.088146818134640537e-01 9.417457402633376589e-13
3.121036586780524313e-01 9.435393433877337276e-13
3.154276642166438105e-01 9.453363625213922005e-13
3.187870714960112650e-01 9.471368041702703490e-13
3.221822575562206747e-01 9.489406748527317399e-13
3.256136034529268919e-01 9.507479810995432064e-13
3.290814943001593829e-01 9.525587294539097850e-13
3.325863193135375262e-01 9.543729264715094508e-13
3.361284718539454541e-01 9.575663714149706048e-13
3.397083494716969465e-01 9.640711732623764854e-13
3.433263539511461460e-01 9.706201625920757953e-13
3.469828913557727379e-01 9.772136395720879522e-13
3.506783720737732590e-01 9.838519064095182097e-13
3.544132108641120382e-01 9.869028791161549425e-13
3.581878269030626782e-01 9.682778131760655990e-13
3.620026438312712980e-01 9.500042439116972674e-13
3.658580898012947724e-01 9.320755377941495976e-13
3.697545975256451456e-01 9.187940929310143584e-13
3.736926043253724128e-01 9.170089085698130050e-13
3.776725521791382434e-01 9.152271927585597400e-13
3.816948877728116862e-01 9.134489387579853056e-13
3.857600625496208302e-01 9.116741398419139696e-13
3.898685327608112150e-01 9.165594310498949518e-13
3.940207595168430554e-01 9.229953836016467787e-13
3.982172088391625842e-01 9.294765285150082966e-13
4.024583517124963095e-01 9.360031831244507104e-13
4.067446641377012284e-01 9.437098812664365359e-13
4.110766271852120290e-01 9.535313788447587751e-13
4.154547270490062338e-01 9.634550919626073028e-13
4.198794551011959086e-01 9.734820844105690689e-13
4.243513079471659566e-01 9.836134310504326281e-13
4.288707874812999421e-01 9.712339178344166131e-13
4.334384009433303042e-01 9.566294774446424677e-13
4.380546609752578036e-01 9.422446439643580059e-13
4.427200856788766181e-01 9.280761151654039305e-13
4.474351986739444342e-01 9.070023133708697183e-13
4.522005291569399787e-01 8.775872386308169063e-13
4.570166119604452959e-01 8.491261268622211738e-13
4.618839876131948685e-01 8.215880400049359574e-13
4.668032024007302105e-01 7.949430433538636727e-13
4.717748084266999875e-01 7.686095731405262058e-13
4.767993636748481201e-01 7.431315479365421951e-13
4.818774320716268988e-01 7.184980734524047673e-13
4.870095835494772096e-01 6.946811543505041089e-13
4.921963941108176144e-01 5.386290762713980779e-13
4.974384458926801145e-01 9.215557274387660826e-14
5.027363272320331866e-01 5.978649547795860146e-14
5.080906327318380100e-01 5.830461373627735348e-14
5.135019633277705609e-01 5.776704082575941892e-14
5.189709263556550489e-01 5.758391543389452697e-14
5.244981356196523059e-01 5.740137056179799035e-14
5.300842114611374889e-01 5.721940436918276502e-14
5.357297808283100871e-01 5.690265289713317975e-14
5.414354773465896109e-01 5.648181722814926815e-14
5.472019413896947349e-01 5.606409393884008527e-14
5.530298201515460477e-01 5.564946001093947894e-14
5.589197677188900037e-01 5.523789259641780853e-14
5.648724451446963002e-01 5.472332849035362228e-14
5.708885205223772630e-01 5.415332965995754507e-14
5.769686690607580104e-01 5.358926794405344300e-14
5.831135731598429572e-01 5.303108150158832411e-14
5.893239224874330162e-01 5.247870913564437994e-14
5.956004140565156924e-01 5.217573490699585142e-14
6.019437523034789628e-01 5.192450969229937353e-14
6.083546491672023215e-01 5.167449412244261087e-14
6.148338241689461192e-01 5.142568237300765628e-14
6.213820044930912445e-01 5.117806864762169956e-14
6.279999250687839485e-01 5.093164717782010015e-14
6.346883286524053425e-01 5.068641222291390899e-14
6.414479659109180609e-01 5.044235806985610294e-14
6.482795955061476434e-01 5.019947903310663912e-14
6.551839841799155018e-01 4.977165803268414520e-14
6.621619068400764974e-01 4.922508005315985134e-14
6.692141466475226785e-01 4.868450443521058933e-14
6.763414951040645384e-01 4.814986526263401687e-14
6.835447521412478800e-01 4.762109734310167285e-14
6.908247262101721020e-01 4.711988125637320071e-14
6.981822343721813873e-01 4.662655632462940258e-14
7.056181023906060723e-01 4.613839629317379207e-14
7.131331648234248810e-01 4.565534708771686730e-14
7.207282651169132137e-01 4.516070192503178402e-14
7.284042557003410856e-01 4.465718407873457687e-14
7.361619980816282549e-01 4.415928018905727644e-14
7.440023629440156050e-01 4.366692766336510331e-14
7.519262302438224133e-01 4.318006460689701066e-14
7.599344893091891429e-01 4.269285725540248610e-14
7.680280389398716601e-01 4.216097508238097934e-14
7.762077875081545564e-01 4.163571927883120531e-14
7.844746530607829449e-01 4.111700729118250252e-14
7.928295634219795218e-01 4.060475759434573571e-14
8.012734562976158159e-01 4.009888967889814939e-14
8.098072793804364622e-01 3.962489063248752845e-14
8.184319904564025805e-01 3.917696621204853802e-14
8.271485575122268230e-01 3.873410518189856602e-14
8.359579588439963516e-01 3.829625030487810262e-14
8.448611831669486705e-01 3.786334499084462504e-14
8.538592297264814945e-01 3.628111020333282368e-14
8.629531084102811889e-01 3.458622916056941054e-14
8.721438398616452758e-01 3.297052490520469665e-14
8.814324555940835637e-01 1.689470578906388196e-14
8.908199981070310969e-01 1.208496899782577215e-14
9.003075210029031439e-01 8.544012556323388423e-15
9.098960891053238242e-01 8.415099393387115426e-15
9.195867785786129289e-01 8.288131288872696275e-15
9.293806770486128244e-01 8.163135991645385849e-15
9.392788837247355360e-01 8.040134774759962132e-15
9.492825095233078159e-01 7.918986926404915008e-15
9.593926771922999919e-01 7.799664520231152996e-15
9.696105214373135439e-01 7.718216534406480823e-15
9.799371890489108949e-01 7.641062124729228199e-15
9.903738390313700179e-01 7.564678981691863549e-15
1.000921642732742711e+01 7.489059395401556593e-15
1.011581783976293636e+01 7.405847709808169388e-15
1.022355459193415506e+01 7.294159568999521104e-15
1.033243877557884538e+01 7.184155805359488190e-15
1.044248261121546051e+01 7.075811016670733944e-15
1.055369844951520797e+01 6.969100183808390448e-15
1.066609877268796325e+01 6.861266333871529971e-15
1.077969619588293604e+01 6.752654928069451162e-15
1.089450346860504837e+01 6.645762802192750536e-15
1.101053347614559463e+01 6.540562740651548053e-15
1.112779924102814810e+01 6.437027958669397515e-15
1.124631392447076195e+01 6.338630901046452440e-15
1.136609082786237401e+01 6.242452490968661084e-15
1.148714339425631970e+01 6.147733431767950473e-15
1.160948520987883192e+01 6.054451580169306226e-15
1.173313000565358877e+01 5.961242609219745699e-15
1.185809165874336024e+01 5.860867640855282746e-15
1.198438419410721956e+01 5.762182778888775403e-15
1.211202178607432067e+01 5.665159565432100157e-15
1.224101875993533461e+01 5.569770021768745837e-15
1.237138959354994228e+01 5.476866101024566334e-15
1.250314891897143532e+01 5.392161817656994866e-15
1.263631152408954250e+01 5.308767556387570958e-15
1.277089235428983294e+01 5.226663056636347444e-15
1.290690651413077994e+01 5.145828371170270949e-15
1.304436926903963823e+01 5.066065606191977410e-15
1.318329604702543101e+01 4.987478219677444898e-15
1.332370244041017493e+01 4.910109920675684255e-15
1.346560420757951881e+01 4.833941798081071674e-15
1.360901727475104295e+01 4.759005440785898761e-15
1.375395773776140018e+01 4.686236661104579615e-15
1.390044186387347480e+01 4.614580570904748547e-15
1.404848609360179701e+01 4.544020156325631842e-15
1.419810704255738187e+01 4.474538663661373030e-15
1.434932150331325929e+01 4.421754198239546201e-15
1.450214644728882440e+01 4.398223389290865407e-15
1.465659902665425918e+01 4.374817801904722761e-15
1.481269657625641578e+01 4.351536769701944185e-15
1.497045661556342999e+01 4.328379629849687688e-15
1.512989685063183032e+01 4.334736871980598280e-15
1.529103517609341978e+01 4.356364430484877736e-15
1.545388967716327677e+01 4.378099896643189283e-15
1.561847863167028194e+01 4.399943808845612867e-15
1.578482051210814241e+01 4.421896708168378701e-15
1.595293398770825277e+01 4.553194662025843010e-15
1.612283792653578374e+01 4.695000485534031104e-15
1.629455139760694138e+01 4.841222744770101975e-15
1.646809367302876836e+01 5.067623306703901979e-15
1.664348423016290823e+01 5.306384376941947623e-15
1.682074275381125972e+01 5.586613934452862205e-15
1.699988913842484806e+01 5.973041255816033510e-15
1.718094349033749424e+01 6.397025559034304630e-15
1.736392613002201912e+01 6.417046649459553195e-15
1.754885759437046744e+01 6.390288070084145725e-15
1.773575863899989358e+01 6.430113967957827604e-15
1.792465024058143541e+01 6.584948867224545992e-15
1.811555359919416119e+01 6.743512136804713587e-15
1.830849014070532732e+01 6.905893554553819520e-15
1.850348151917464179e+01 7.072185060146778960e-15
1.870054961928416049e+01 7.388565995135659625e-15
1.889971655879551449e+01 7.732530098489300824e-15
1.910100469103108978e+01 8.092506957832644090e-15
1.930443660738389866e+01 8.469242024077470528e-15
1.951003513985263282e+01 8.868253131876954025e-15
1.971782336360373833e+01 9.291545699625819675e-15
1.992782459956215391e+01 9.735042539314935099e-15
2.014006241702828248e+01 1.019970802555396317e-14
2.035456063632273782e+01 1.068415353106173265e-14
2.057134333146080252e+01 1.111262422111238730e-14
2.079043483285386174e+01 1.155827803490815460e-14
2.101185973003958551e+01 1.202180407382336020e-14
2.123564287444273901e+01 1.250391907452880315e-14
2.146180938216384959e+01 1.294155848758544338e-14
2.169038463679756745e+01 1.334767248762059411e-14
2.192139429228260639e+01 1.376653059271723846e-14
2.215486427578048989e+01 1.419853272066674632e-14
2.239082079058489683e+01 1.463229616653095404e-14
2.262929031906366717e+01 1.500144712235889661e-14
2.287029962563047647e+01 1.537991120489241442e-14
2.311387575974814723e+01 1.576792337039384850e-14
2.336004605896566133e+01 1.616572450272164773e-14
2.360883815198578972e+01 1.647232302726756693e-14
2.386027996176540356e+01 1.673717600209351720e-14
2.411439970865072624e+01 1.700628745935453601e-14
2.437122591354307133e+01 1.727972586976570240e-14
2.463078740110122311e+01 1.754015133595457436e-14
2.489311330297596925e+01 1.774528554117075486e-14
2.515823306107904855e+01 1.795281881588987920e-14
2.542617643088875212e+01 1.816277921752199208e-14
2.569697348478890930e+01 1.828933861722221186e-14
2.597065461544338660e+01 1.827755325400128471e-14
2.624725053920844786e+01 1.826577548508374862e-14
2.652679229957955442e+01 1.825400530557594916e-14
2.680931127067483999e+01 1.824224271058739361e-14
2.709483916075766885e+01 1.823048769523073527e-14
2.738340801579472483e+01 1.818514263759197036e-14
2.767505022305200413e+01 1.806227391347596415e-14
2.796979851473109235e+01 1.794023535735295737e-14
2.826768597164218377e+01 1.781902136015595734e-14
2.856874602691616971e+01 1.769862635071608936e-14
2.887301246975837188e+01 1.757904479550611590e-14
2.918051944924013696e+01 1.746027119838625624e-14
2.949130147813082914e+01 1.000000000000000000e-01
6.527741570061860443e+01 1.000000000000000000e-01
6.597264142226775618e+01 3.941789233966594740e-14
6.667527152411210523e+01 7.909481686321307881e-15
6.738538486521100879e+01 1.587094003077856773e-15
6.810306114449848280e+01 4.880663417830348212e-16
6.882838090972649070e+01 5.119608325526476780e-16
6.956142556650840447e+01 5.370251370140903372e-16
7.030227738745391264e+01 5.633165262800758990e-16
7.105101952140101673e+01 5.908950753117426408e-16
7.180773600275166757e+01 6.198238001880886855e-16
7.257251176090153422e+01 6.501688020955876867e-16
7.334543262977024369e+01 6.819994183671547041e-16
7.412658535743832999e+01 7.153883809158147269e-16
7.491605761588166956e+01 7.504119824246718081e-16
7.571393801080938601e+01 7.871502506730978705e-16
7.652031609161207371e+01 8.256871313977464849e-16
7.733528236141046364e+01 8.661106801057161988e-16
7.815892828721112551e+01 9.085132632784130830e-16
7.899134631017591346e+01 9.529917694261023178e-16
7.983262985599510841e+01 9.996478304748881308e-16
8.068287334537109246e+01 1.048588053992214910e-15
8.154217220461940485e+01 1.099924266781871671e-15
8.241062287637690531e+01 1.153773770404468828e-15
8.328832283042392248e+01 1.210259609207518952e-15
8.417537057462836003e+01 1.269510851478026791e-15
8.507186566599625621e+01 1.331662884358937413e-15
8.597790872185018429e+01 1.396857723204627914e-15
8.689360143112003243e+01 1.465244336081201052e-15
8.781904656575370893e+01 1.536978984153457551e-15
8.875434799225597260e+01 1.612225578736842172e-15
8.969961068334364995e+01 1.691156055829271264e-15
9.065494072972501272e+01 1.773950768979047955e-15
9.162044535201107465e+01 1.860798901387162977e-15
9.259623291274725432e+01 1.951898898184528357e-15
9.358241292857312033e+01 2.047458919872360078e-15
9.457909608251834754e+01 2.147697317962510984e-15
9.558639423642290467e+01 2.252843133903309760e-15
9.660442044348943114e+01 2.363136622431489989e-15
9.763328896097632992e+01 2.478829800546863354e-15
9.867311526301898539e+01 2.600187023362660714e-15
9.972401605358749066e+01 2.727485588147989357e-15
1.007861092795896383e+02 2.861016367943547257e-15
1.018595141441061855e+02 3.001084476196712080e-15
1.029443511197670205e+02 3.148009963935401892e-15
1.040407419622771954e+02 3.302128551074815629e-15
1.051488097240797259e+02 3.463792393526114558e-15
1.062686787681635820e+02 3.633370887860717249e-15
1.074004747820275014e+02 3.811251515370225319e-15
1.085443247917795162e+02 3.997840727447402465e-15
1.097003571763996632e+02 3.278793458977025634e-15
1.108687016821459252e+02 2.099281310035131749e-15
1.120494894371134365e+02 2.116639597772976332e-15
1.132428529659569563e+02 2.182119334767593066e-15
1.144489262047619746e+02 2.249624733552489143e-15
1.156678445160740552e+02 2.319218459401986367e-15
1.168997447040967472e+02 2.390965116184975941e-15
1.181447650300429189e+02 2.464931306336548260e-15
1.194030452276494429e+02 2.541185692684859464e-15
1.206747265188658673e+02 2.619799062191204207e-15
1.219599516297015356e+02 2.700844391661395814e-15
1.232588648062411778e+02 2.784396915489943568e-15
1.245716118308403111e+02 2.870534195500547784e-15
1.258983400384840081e+02 2.959336192946569403e-15
1.272391983333197913e+02 3.050885342738850724e-15
1.285943372053758935e+02 3.145266629970489250e-15
1.299639087474483574e+02 3.242567668808311787e-15
1.313480666721678460e+02 3.342878783824874359e-15
1.327469663292577025e+02 3.446293093847253407e-15
1.341607647229664906e+02 3.552906598399042491e-15
1.355896205296857318e+02 3.662818266816464394e-15
1.370336941157654849e+02 3.776130130122134664e-15
1.384931475555097222e+02 3.892947375740237847e-15
1.399681446493630403e+02 4.013378445141734670e-15
1.414588509423026608e+02 4.137535134511271349e-15
1.429654337424090329e+02 4.265532698526817267e-15
1.444880621396516460e+02 4.397489957351298141e-15
1.460269070248632488e+02 4.533529406933092839e-15
1.475821411089158914e+02 4.673777332718699929e-15
1.491539389421122905e+02 4.631982868754504058e-15
1.507424769337727355e+02 3.610194784588068988e-15
1.523479333720304112e+02 3.309026113807415427e-15
1.539704884438489501e+02 3.385403100952700197e-15
1.556103242552417214e+02 3.463542976623187540e-15
1.572676248517066711e+02 3.543486430770883328e-15
1.589425762388899557e+02 3.625275092529456173e-15
1.606353664034584767e+02 3.708951551891664949e-15
1.623461853341943595e+02 3.794559381887110678e-15
1.640752250433260429e+02 3.882143161272563425e-15
1.658226795880746920e+02 3.971748497745346563e-15
1.675887450924300310e+02 4.063422051692481049e-15
1.693736197691701193e+02 4.157211560488738059e-15
1.711775039421036979e+02 4.253165863354793900e-15
1.730006000685490051e+02 4.341295814174884353e-15
1.748431127620648340e+02 4.398040427472730945e-15
1.767052488154110677e+02 4.455526743542355281e-15
1.785872172237533846e+02 4.513764457101291349e-15
1.804892292081297853e+02 4.572763389585836151e-15
1.824114982391452884e+02 4.632533490807062020e-15
1.843542400609406968e+02 4.613437703141805695e-15
1.863176727154021250e+02 3.412032199770088803e-15
1.883020165666282821e+02 3.180020310917950000e-16
1.903074943256717120e+02 3.188476809460813450e-16
1.923343310755302582e+02 3.196955796025984066e-16
1.943827542964042152e+02 3.205457330414891447e-16
1.964529938912367584e+02 3.213981472588084845e-16
1.985452822115122444e+02 3.222528282665511241e-16
2.006598540833291224e+02 3.097593772274212845e-16
2.027969468337651051e+02 2.711670252737456990e-16
2.049568003175085380e+02 2.373828235773434515e-16
2.071396569437732467e+02 2.078077335275978080e-16
2.093457617035150804e+02 1.834462146410613551e-16
2.115753621969233791e+02 1.844494338744516065e-16
2.138287086612048995e+02 1.854581394507030366e-16
2.161060539986792151e+02 1.864723613731872811e-16
2.184076538051580769e+02 1.874921298093543350e-16
2.207337663986263294e+02 1.864249458628085067e-16
2.230846528482448718e+02 1.848789064535882692e-16
2.254605770036461934e+02 1.833456884929335996e-16
2.278618055245416087e+02 1.818251856513816952e-16
2.302886079106627051e+02 1.810161155733343096e-16
2.327412565319932582e+02 1.807604421519374078e-16
2.352200266593518450e+02 1.805051298525224171e-16
2.377251964952807270e+02 1.802501781650281215e-16
2.402570472052640866e+02 1.798587189506049733e-16
2.428158629492957914e+02 1.791629864802723352e-16
2.454019309137661935e+02 1.784699452537843225e-16
2.480155413436881133e+02 1.777795848608276823e-16
2.506569875752843188e+02 1.771879924148111745e-16
2.533265660689037873e+02 1.781487155258119383e-16
2.560245764422885486e+02 1.791146477307433846e-16
2.587513215042133083e+02 1.800858172736021438e-16
2.615071072884647947e+02 1.810622525515245894e-16
2.642922430881827722e+02 1.808586560479406645e-16
2.671070414905859707e+02 1.803749770507937839e-16
2.699518184120489650e+02 1.798925915796378081e-16
2.728268931335516641e+02 1.794114961751340356e-16
2.757325883365271011e+02 1.659893102516947861e-16
2.786692301390706916e+02 1.446850091901347131e-16
2.816371481325347759e+02 1.261150603771351637e-16
2.846366754185336845e+02 1.099285167340818463e-16
2.876681486463224928e+02 9.977619092653679248e-17
2.907319080505732813e+02 9.922488532699435381e-17
2.938282974895776647e+02 9.867662592375489910e-17
2.969576644838203947e+02 9.813139588529959399e-17
3.001203602549995253e+02 9.763602132426980858e-17
3.033167397654388537e+02 9.792537177736998597e-17